{
    "animation": [
        {
            "name": "Root",
            "time": [0.0, 0.0167, 0.0333, 0.05, 0.0667, 0.0833, 0.1, 0.1167, 0.1333, 0.15, 0.1667, 0.1833, 0.2, 0.2167, 0.2333, 0.25, 0.2667, 0.2833, 0.3, 0.3167, 0.3333, 0.35, 0.3667, 0.3833, 0.4, 0.4167, 0.4333, 0.45, 0.4667, 0.4833, 0.5, 0.5167, 0.5333, 0.55, 0.5667, 0.5833, 0.6, 0.6167, 0.6333, 0.65, 0.6667, 0.6833, 0.7, 0.7167, 0.7333, 0.75, 0.7667, 0.7833, 0.8, 0.8167, 0.8333, 0.85, 0.8667, 0.8833, 0.9, 0.9167, 0.9333, 0.95, 0.9667, 0.9833, 1.0, 1.0167, 1.0333, 1.05, 1.0667, 1.0833, 1.1, 1.1167, 1.1333, 1.15, 1.1667, 1.1833, 1.2, 1.2167, 1.2333, 1.25, 1.2667, 1.2833, 1.3, 1.3167, 1.3333, 1.35, 1.3667, 1.3833, 1.4, 1.4167, 1.4333, 1.45, 1.4667, 1.4833, 1.5, 1.5167, 1.5333, 1.55, 1.5667, 1.5833, 1.6, 1.6167, 1.6333, 1.65, 1.6667],
            "transform": [
                [0.882851, 0.133264, -0.45035, -5e-06, -0.460754, 0.059981, -0.885499, 0.000946, -0.090992, 0.989264, 0.114356, 0.713752, 0.0, 0.0, 0.0, 1.0],
                [0.886977, 0.132717, -0.442333, -5e-06, -0.452761, 0.061182, -0.88953, 0.003035, -0.090992, 0.989264, 0.114356, 0.713752, 0.0, 0.0, 0.0, 1.0],
                [0.898229, 0.131114, -0.419516, -5e-06, -0.430006, 0.064545, -0.900516, 0.009159, -0.090992, 0.989264, 0.114356, 0.713752, 0.0, 0.0, 0.0, 1.0],
                [0.914551, 0.128455, -0.38353, -5e-06, -0.394102, 0.069686, -0.916421, 0.019108, -0.090992, 0.989264, 0.114356, 0.713752, 0.0, 0.0, 0.0, 1.0],
                [0.933584, 0.124707, -0.335961, -5e-06, -0.346615, 0.076191, -0.934908, 0.032671, -0.090992, 0.989264, 0.114356, 0.713752, 0.0, 0.0, 0.0, 1.0],
                [0.952899, 0.119853, -0.278601, -5e-06, -0.289316, 0.083619, -0.953574, 0.049636, -0.090992, 0.989264, 0.114356, 0.713752, 0.0, 0.0, 0.0, 1.0],
                [0.970252, 0.113936, -0.213609, -5e-06, -0.224344, 0.091518, -0.970203, 0.069792, -0.090992, 0.989264, 0.114356, 0.713752, 0.0, 0.0, 0.0, 1.0],
                [0.98383, 0.107088, -0.143563, -5e-06, -0.154268, 0.099444, -0.983012, 0.092928, -0.090992, 0.989264, 0.114356, 0.713752, 0.0, 0.0, 0.0, 1.0],
                [0.992469, 0.09954, -0.071397, -5e-06, -0.082014, 0.106998, -0.990871, 0.118834, -0.090992, 0.989264, 0.114356, 0.713752, 0.0, 0.0, 0.0, 1.0],
                [0.995794, 0.09162, -0.000236, -5e-06, -0.010711, 0.113854, -0.99344, 0.147297, -0.090992, 0.989264, 0.114356, 0.713752, 0.0, 0.0, 0.0, 1.0],
                [0.994246, 0.083727, 0.066812, -5e-06, 0.05652, 0.119778, -0.991191, 0.178107, -0.090992, 0.989264, 0.114356, 0.713752, 0.0, 0.0, 0.0, 1.0],
                [0.988983, 0.076304, 0.126846, -5e-06, 0.116758, 0.124638, -0.985309, 0.211052, -0.090992, 0.989264, 0.114356, 0.713752, 0.0, 0.0, 0.0, 1.0],
                [0.981682, 0.069802, 0.177278, -5e-06, 0.167393, 0.128392, -0.977494, 0.245922, -0.090992, 0.989264, 0.114356, 0.713752, 0.0, 0.0, 0.0, 1.0],
                [0.974284, 0.064663, 0.215845, -5e-06, 0.206133, 0.131056, -0.969708, 0.282504, -0.090992, 0.989264, 0.114356, 0.713752, 0.0, 0.0, 0.0, 1.0],
                [0.968713, 0.061302, 0.240492, -5e-06, 0.2309, 0.132661, -0.963891, 0.320589, -0.090992, 0.989264, 0.114356, 0.713752, 0.0, 0.0, 0.0, 1.0],
                [0.966588, 0.060101, 0.249188, -5e-06, 0.23964, 0.13321, -0.96168, 0.359965, -0.090992, 0.989264, 0.114356, 0.713752, 0.0, 0.0, 0.0, 1.0],
                [0.967728, 0.061003, 0.244503, -5e-06, 0.234917, 0.132753, -0.962907, 0.400416, -0.091198, 0.98927, 0.114138, 0.714093, 0.0, 0.0, 0.0, 1.0],
                [0.970888, 0.063536, 0.230954, -5e-06, 0.221264, 0.131446, -0.966315, 0.441711, -0.091754, 0.989285, 0.113561, 0.715042, 0.0, 0.0, 0.0, 1.0],
                [0.975534, 0.067435, 0.209251, -5e-06, 0.199409, 0.129357, -0.971341, 0.483615, -0.09257, 0.989302, 0.112745, 0.716489, 0.0, 0.0, 0.0, 1.0],
                [0.980984, 0.072419, 0.180074, -5e-06, 0.170052, 0.126533, -0.977278, 0.525891, -0.093558, 0.989315, 0.111812, 0.718323, 0.0, 0.0, 0.0, 1.0],
                [0.986465, 0.078199, 0.144123, -5e-06, 0.133913, 0.123019, -0.983328, 0.568304, -0.094625, 0.989319, 0.110882, 0.720434, 0.0, 0.0, 0.0, 1.0],
                [0.991174, 0.084482, 0.102159, -5e-06, 0.091768, 0.118871, -0.98866, 0.610617, -0.095667, 0.989309, 0.11007, 0.72271, 0.0, 0.0, 0.0, 1.0],
                [0.994332, 0.090972, 0.055026, -5e-06, 0.044477, 0.114173, -0.992465, 0.652597, -0.096569, 0.989287, 0.10948, 0.725042, 0.0, 0.0, 0.0, 1.0],
                [0.99524, 0.097381, 0.003671, -5e-06, -0.007003, 0.10904, -0.994013, 0.694005, -0.097199, 0.989256, 0.109203, 0.727319, 0.0, 0.0, 0.0, 1.0],
                [0.993334, 0.10344, -0.050862, -5e-06, -0.061621, 0.103628, -0.992705, 0.734608, -0.097414, 0.989223, 0.109311, 0.729429, 0.0, 0.0, 0.0, 1.0],
                [0.988228, 0.108901, -0.107449, -5e-06, -0.118252, 0.098137, -0.988122, 0.774169, -0.097063, 0.989197, 0.109859, 0.731263, 0.0, 0.0, 0.0, 1.0],
                [0.979747, 0.113554, -0.164925, -5e-06, -0.175732, 0.092802, -0.980054, 0.812452, -0.095984, 0.989188, 0.110878, 0.73271, 0.0, 0.0, 0.0, 1.0],
                [0.967946, 0.117227, -0.222124, -5e-06, -0.232901, 0.087894, -0.96852, 0.849222, -0.094014, 0.989208, 0.112379, 0.733659, 0.0, 0.0, 0.0, 1.0],
                [0.953102, 0.119794, -0.277932, -5e-06, -0.288648, 0.083703, -0.95377, 0.884244, -0.090992, 0.989264, 0.114356, 0.734, 0.0, 0.0, 0.0, 1.0],
                [0.935634, 0.121499, -0.331401, -5e-06, -0.342843, 0.089514, -0.935118, 0.917296, -0.083951, 0.988547, 0.125407, 0.731019, 0.0, 0.0, 0.0, 1.0],
                [0.915824, 0.12367, -0.382062, -5e-06, -0.395449, 0.112133, -0.911617, 0.94822, -0.069898, 0.985968, 0.151599, 0.722867, 0.0, 0.0, 0.0, 1.0],
                [0.894036, 0.12748, -0.429474, -5e-06, -0.445313, 0.148148, -0.883034, 0.976876, -0.048944, 0.980714, 0.189218, 0.710733, 0.0, 0.0, 0.0, 1.0],
                [0.870834, 0.133634, -0.473064, -5e-06, -0.491098, 0.194046, -0.849216, 1.003119, -0.021688, 0.971848, 0.23461, 0.695807, 0.0, 0.0, 0.0, 1.0],
                [0.84699, 0.142354, -0.512195, -5e-06, -0.531501, 0.246175, -0.810496, 1.026808, 0.010712, 0.958714, 0.28417, 0.679277, 0.0, 0.0, 0.0, 1.0],
                [0.823442, 0.153386, -0.546275, -5e-06, -0.565489, 0.300823, -0.767937, 1.047801, 0.046542, 0.941264, 0.334448, 0.662333, 0.0, 0.0, 0.0, 1.0],
                [0.801217, 0.166033, -0.574878, -5e-06, -0.592502, 0.354394, -0.723426, 1.065955, 0.083621, 0.920238, 0.382321, 0.646162, 0.0, 0.0, 0.0, 1.0],
                [0.781336, 0.179249, -0.597816, -5e-06, -0.612569, 0.403611, -0.6796, 1.081127, 0.119467, 0.8972, 0.425158, 0.631831, 0.0, 0.0, 0.0, 1.0],
                [0.764724, 0.191761, -0.615162, -5e-06, -0.626295, 0.445664, -0.639639, 1.093175, 0.151498, 0.87442, 0.46091, 0.619909, 0.0, 0.0, 0.0, 1.0],
                [0.752157, 0.202216, -0.62719, -5e-06, -0.634714, 0.478221, -0.606995, 1.101958, 0.177191, 0.854642, 0.488047, 0.610841, 0.0, 0.0, 0.0, 1.0],
                [0.744256, 0.209306, -0.634251, -5e-06, -0.63904, 0.499266, -0.585116, 1.107331, 0.194192, 0.840788, 0.505337, 0.605074, 0.0, 0.0, 0.0, 1.0],
                [0.741522, 0.211885, -0.636592, -5e-06, -0.640326, 0.506787, -0.577191, 1.109154, 0.200318, 0.835627, 0.511469, 0.603052, 0.0, 0.0, 0.0, 1.0],
                [0.741522, 0.211885, -0.636592, -5e-06, -0.640326, 0.506787, -0.577191, 1.109154, 0.200318, 0.835627, 0.511469, 0.603052, 0.0, 0.0, 0.0, 1.0],
                [0.741522, 0.211885, -0.636592, -5e-06, -0.640326, 0.506787, -0.577191, 1.109154, 0.200318, 0.835627, 0.511469, 0.603052, 0.0, 0.0, 0.0, 1.0],
                [0.741522, 0.211885, -0.636592, -5e-06, -0.640326, 0.506787, -0.577191, 1.109154, 0.200318, 0.835627, 0.511469, 0.603052, 0.0, 0.0, 0.0, 1.0],
                [0.741522, 0.211885, -0.636592, -5e-06, -0.640326, 0.506787, -0.577191, 1.109154, 0.200318, 0.835627, 0.511469, 0.603052, 0.0, 0.0, 0.0, 1.0],
                [0.741522, 0.211885, -0.636592, -5e-06, -0.640326, 0.506787, -0.577191, 1.109154, 0.200318, 0.835627, 0.511469, 0.603052, 0.0, 0.0, 0.0, 1.0],
                [0.741522, 0.211885, -0.636592, -5e-06, -0.640326, 0.506787, -0.577191, 1.109154, 0.200318, 0.835627, 0.511469, 0.603052, 0.0, 0.0, 0.0, 1.0],
                [0.741522, 0.211885, -0.636592, -5e-06, -0.640326, 0.506787, -0.577191, 1.109154, 0.200318, 0.835627, 0.511469, 0.603052, 0.0, 0.0, 0.0, 1.0],
                [0.741522, 0.211885, -0.636592, -5e-06, -0.640326, 0.506787, -0.577191, 1.109154, 0.200318, 0.835627, 0.511469, 0.603052, 0.0, 0.0, 0.0, 1.0],
                [0.741694, 0.211743, -0.636439, -3.8e-05, -0.640239, 0.506372, -0.577652, 1.109659, 0.199961, 0.835914, 0.511139, 0.603167, 0.0, 0.0, 0.0, 1.0],
                [0.7422, 0.211324, -0.635989, -0.000138, -0.63998, 0.505147, -0.57901, 1.111132, 0.198909, 0.836761, 0.510163, 0.603504, 0.0, 0.0, 0.0, 1.0],
                [0.743026, 0.210641, -0.63525, -0.000301, -0.639553, 0.503141, -0.581224, 1.113507, 0.19719, 0.838141, 0.508563, 0.604056, 0.0, 0.0, 0.0, 1.0],
                [0.744161, 0.209708, -0.63423, -0.000524, -0.638957, 0.500379, -0.584256, 1.11672, 0.194832, 0.840026, 0.506356, 0.604812, 0.0, 0.0, 0.0, 1.0],
                [0.745588, 0.208539, -0.632937, -0.000806, -0.63819, 0.496886, -0.588063, 1.120707, 0.191864, 0.842387, 0.50356, 0.605765, 0.0, 0.0, 0.0, 1.0],
                [0.747296, 0.207149, -0.631378, -0.001142, -0.637249, 0.492686, -0.5926, 1.125404, 0.188314, 0.845192, 0.500188, 0.606906, 0.0, 0.0, 0.0, 1.0],
                [0.749269, 0.205555, -0.629557, -0.001531, -0.63613, 0.487799, -0.597822, 1.130745, 0.184213, 0.84841, 0.496252, 0.608225, 0.0, 0.0, 0.0, 1.0],
                [0.751495, 0.203771, -0.627481, -0.001971, -0.634825, 0.482248, -0.603683, 1.136667, 0.179588, 0.852006, 0.491766, 0.609713, 0.0, 0.0, 0.0, 1.0],
                [0.753958, 0.201816, -0.625154, -0.002458, -0.63333, 0.476053, -0.610136, 1.143104, 0.174471, 0.855946, 0.486741, 0.611362, 0.0, 0.0, 0.0, 1.0],
                [0.756645, 0.199706, -0.62258, -0.002989, -0.631636, 0.469235, -0.617134, 1.149993, 0.168891, 0.860195, 0.481186, 0.613162, 0.0, 0.0, 0.0, 1.0],
                [0.759541, 0.197458, -0.619765, -0.003563, -0.629736, 0.461815, -0.624627, 1.157269, 0.162879, 0.864718, 0.475114, 0.615106, 0.0, 0.0, 0.0, 1.0],
                [0.762631, 0.19509, -0.616713, -0.004176, -0.627625, 0.453816, -0.632565, 1.164867, 0.156467, 0.869478, 0.468537, 0.617183, 0.0, 0.0, 0.0, 1.0],
                [0.765899, 0.192619, -0.61343, -0.004826, -0.625294, 0.445258, -0.6409, 1.172723, 0.149685, 0.874439, 0.461466, 0.619385, 0.0, 0.0, 0.0, 1.0],
                [0.769332, 0.190063, -0.609921, -0.00551, -0.622738, 0.436165, -0.649582, 1.180772, 0.142565, 0.879566, 0.453916, 0.621703, 0.0, 0.0, 0.0, 1.0],
                [0.772914, 0.187439, -0.606194, -0.006226, -0.619953, 0.426564, -0.65856, 1.188951, 0.13514, 0.884822, 0.4459, 0.624128, 0.0, 0.0, 0.0, 1.0],
                [0.776628, 0.184765, -0.602255, -0.006971, -0.616934, 0.416478, -0.667786, 1.197194, 0.127443, 0.890173, 0.437436, 0.626651, 0.0, 0.0, 0.0, 1.0],
                [0.780459, 0.182056, -0.598113, -0.007742, -0.613679, 0.405937, -0.67721, 1.205437, 0.119506, 0.895584, 0.428541, 0.629263, 0.0, 0.0, 0.0, 1.0],
                [0.784392, 0.179329, -0.593776, -0.008536, -0.610186, 0.39497, -0.686784, 1.213615, 0.111363, 0.901022, 0.419236, 0.631956, 0.0, 0.0, 0.0, 1.0],
                [0.788411, 0.176601, -0.589254, -0.009352, -0.606457, 0.383607, -0.696459, 1.221665, 0.103046, 0.906453, 0.409541, 0.63472, 0.0, 0.0, 0.0, 1.0],
                [0.792499, 0.173886, -0.584558, -0.010187, -0.602493, 0.371882, -0.706191, 1.229521, 0.094589, 0.911848, 0.399481, 0.637546, 0.0, 0.0, 0.0, 1.0],
                [0.796642, 0.171199, -0.579701, -0.011037, -0.598299, 0.359828, -0.715934, 1.237119, 0.086025, 0.917177, 0.389083, 0.640426, 0.0, 0.0, 0.0, 1.0],
                [0.800822, 0.168554, -0.574695, -0.0119, -0.593882, 0.347484, -0.725644, 1.244395, 0.077387, 0.922412, 0.378374, 0.643351, 0.0, 0.0, 0.0, 1.0],
                [0.805025, 0.165962, -0.569554, -0.012774, -0.589249, 0.334886, -0.73528, 1.251284, 0.068707, 0.927528, 0.367385, 0.646311, 0.0, 0.0, 0.0, 1.0],
                [0.809235, 0.163437, -0.564293, -0.013656, -0.584411, 0.322074, -0.744803, 1.257721, 0.060016, 0.9325, 0.356148, 0.649298, 0.0, 0.0, 0.0, 1.0],
                [0.813437, 0.160989, -0.55893, -0.014542, -0.579382, 0.309091, -0.754175, 1.263643, 0.051346, 0.937308, 0.3447, 0.652303, 0.0, 0.0, 0.0, 1.0],
                [0.817617, 0.158626, -0.55348, -0.015432, -0.574175, 0.295978, -0.763362, 1.268984, 0.042728, 0.941932, 0.333075, 0.655317, 0.0, 0.0, 0.0, 1.0],
                [0.82176, 0.156359, -0.547962, -0.016322, -0.568807, 0.282779, -0.772331, 1.27368, 0.034192, 0.946355, 0.321314, 0.65833, 0.0, 0.0, 0.0, 1.0],
                [0.825852, 0.154193, -0.542395, -0.017209, -0.563297, 0.26954, -0.781053, 1.277668, 0.025764, 0.950565, 0.309456, 0.661335, 0.0, 0.0, 0.0, 1.0],
                [0.82988, 0.152135, -0.536799, -0.01809, -0.557668, 0.256306, -0.789503, 1.280881, 0.017474, 0.954548, 0.297544, 0.664322, 0.0, 0.0, 0.0, 1.0],
                [0.833832, 0.15019, -0.531194, -0.018964, -0.55194, 0.243124, -0.797655, 1.283256, 0.009346, 0.958297, 0.285621, 0.667283, 0.0, 0.0, 0.0, 1.0],
                [0.837694, 0.148362, -0.525602, -0.019827, -0.546138, 0.230042, -0.80549, 1.284728, 0.001407, 0.961805, 0.273731, 0.670207, 0.0, 0.0, 0.0, 1.0],
                [0.841456, 0.146652, -0.520043, -0.020678, -0.540289, 0.217107, -0.81299, 1.285233, -0.006321, 0.965069, 0.26192, 0.673087, 0.0, 0.0, 0.0, 1.0],
                [0.845106, 0.145061, -0.514541, -0.021512, -0.534419, 0.204366, -0.82014, 1.285183, -0.013816, 0.968087, 0.250235, 0.675913, 0.0, 0.0, 0.0, 1.0],
                [0.848635, 0.143591, -0.509116, -0.022328, -0.528559, 0.191868, -0.826929, 1.28504, -0.021057, 0.97086, 0.238722, 0.678677, 0.0, 0.0, 0.0, 1.0],
                [0.852033, 0.142239, -0.503793, -0.023123, -0.522737, 0.179659, -0.833348, 1.284815, -0.028024, 0.973391, 0.227429, 0.68137, 0.0, 0.0, 0.0, 1.0],
                [0.855291, 0.141004, -0.498593, -0.023894, -0.516985, 0.167787, -0.839389, 1.284517, -0.0347, 0.975687, 0.216404, 0.683982, 0.0, 0.0, 0.0, 1.0],
                [0.858401, 0.139883, -0.49354, -0.024638, -0.511334, 0.1563, -0.845049, 1.284157, -0.041068, 0.977754, 0.205695, 0.686506, 0.0, 0.0, 0.0, 1.0],
                [0.861354, 0.138871, -0.488655, -0.025354, -0.505816, 0.145242, -0.850326, 1.283745, -0.047113, 0.979602, 0.195348, 0.688931, 0.0, 0.0, 0.0, 1.0],
                [0.864144, 0.137965, -0.483963, -0.026039, -0.500464, 0.13466, -0.85522, 1.283292, -0.05282, 0.98124, 0.185413, 0.691249, 0.0, 0.0, 0.0, 1.0],
                [0.866765, 0.13716, -0.479485, -0.026688, -0.495312, 0.124599, -0.859733, 1.282808, -0.058178, 0.982681, 0.175935, 0.69345, 0.0, 0.0, 0.0, 1.0],
                [0.869209, 0.136449, -0.475244, -0.027302, -0.490392, 0.115102, -0.863868, 1.282303, -0.063172, 0.983938, 0.166962, 0.695528, 0.0, 0.0, 0.0, 1.0],
                [0.871472, 0.135827, -0.471262, -0.027875, -0.485737, 0.106214, -0.867628, 1.281788, -0.067793, 0.985023, 0.158539, 0.697471, 0.0, 0.0, 0.0, 1.0],
                [0.873547, 0.135289, -0.46756, -0.028407, -0.481381, 0.097978, -0.871018, 1.281273, -0.072028, 0.98595, 0.150713, 0.699271, 0.0, 0.0, 0.0, 1.0],
                [0.875429, 0.134826, -0.464161, -0.028893, -0.477355, 0.090435, -0.874044, 1.280769, -0.075868, 0.986734, 0.143529, 0.70092, 0.0, 0.0, 0.0, 1.0],
                [0.877113, 0.134435, -0.461086, -0.029333, -0.473692, 0.083627, -0.876711, 1.280285, -0.079301, 0.987387, 0.137031, 0.702409, 0.0, 0.0, 0.0, 1.0],
                [0.878593, 0.134108, -0.458356, -0.029722, -0.470424, 0.077596, -0.879022, 1.279832, -0.082318, 0.987924, 0.131263, 0.703727, 0.0, 0.0, 0.0, 1.0],
                [0.879863, 0.133842, -0.455991, -0.030059, -0.467581, 0.072381, -0.880982, 1.27942, -0.084907, 0.988356, 0.126267, 0.704868, 0.0, 0.0, 0.0, 1.0],
                [0.880918, 0.133629, -0.454012, -0.03034, -0.465193, 0.068025, -0.882592, 1.27906, -0.087056, 0.988694, 0.122088, 0.705821, 0.0, 0.0, 0.0, 1.0],
                [0.881752, 0.133468, -0.452438, -0.030563, -0.463289, 0.064566, -0.883852, 1.278762, -0.088754, 0.988948, 0.118766, 0.706578, 0.0, 0.0, 0.0, 1.0],
                [0.882357, 0.133354, -0.45129, -0.030726, -0.461897, 0.062046, -0.884761, 1.278537, -0.089986, 0.989124, 0.116343, 0.707129, 0.0, 0.0, 0.0, 1.0],
                [0.882726, 0.133286, -0.450588, -0.030826, -0.461044, 0.060504, -0.885312, 1.278394, -0.090738, 0.989229, 0.114859, 0.707467, 0.0, 0.0, 0.0, 1.0],
                [0.882851, 0.133264, -0.45035, -0.03086, -0.460754, 0.059981, -0.885499, 1.278344, -0.090992, 0.989264, 0.114356, 0.707581, 0.0, 0.0, 0.0, 1.0]
            ]
        },
        {
            "name": "Thigh_R",
            "time": [0.0, 0.0167, 0.0333, 0.05, 0.0667, 0.0833, 0.1, 0.1167, 0.1333, 0.15, 0.1667, 0.1833, 0.2, 0.2167, 0.2333, 0.25, 0.2667, 0.2833, 0.3, 0.3167, 0.3333, 0.35, 0.3667, 0.3833, 0.4, 0.4167, 0.4333, 0.45, 0.4667, 0.4833, 0.5, 0.5167, 0.5333, 0.55, 0.5667, 0.5833, 0.6, 0.6167, 0.6333, 0.65, 0.6667, 0.6833, 0.7, 0.7167, 0.7333, 0.75, 0.7667, 0.7833, 0.8, 0.8167, 0.8333, 0.85, 0.8667, 0.8833, 0.9, 0.9167, 0.9333, 0.95, 0.9667, 0.9833, 1.0, 1.0167, 1.0333, 1.05, 1.0667, 1.0833, 1.1, 1.1167, 1.1333, 1.15, 1.1667, 1.1833, 1.2, 1.2167, 1.2333, 1.25, 1.2667, 1.2833, 1.3, 1.3167, 1.3333, 1.35, 1.3667, 1.3833, 1.4, 1.4167, 1.4333, 1.45, 1.4667, 1.4833, 1.5, 1.5167, 1.5333, 1.55, 1.5667, 1.5833, 1.6, 1.6167, 1.6333, 1.65, 1.6667],
            "transform": [
                [0.950098, 0.311264, 0.020685, 0.124994, 0.27626, -0.870339, 0.407662, -0.002831, 0.144894, -0.381604, -0.912899, -1.2e-05, 0.0, 0.0, 0.0, 1.0],
                [0.951745, 0.306741, 0.009532, 0.124994, 0.277936, -0.874705, 0.39704, -0.002831, 0.130127, -0.375231, -0.917752, -1.2e-05, 0.0, 0.0, 0.0, 1.0],
                [0.955032, 0.296051, -0.016341, 0.124994, 0.281092, -0.886485, 0.3676, -0.002831, 0.094343, -0.355663, -0.929841, -1.2e-05, 0.0, 0.0, 0.0, 1.0],
                [0.957813, 0.284241, -0.042428, 0.124994, 0.28235, -0.903172, 0.323353, -0.002831, 0.05359, -0.321691, -0.945327, -1.2e-05, 0.0, 0.0, 0.0, 1.0],
                [0.959864, 0.274818, -0.055998, 0.124994, 0.279612, -0.922109, 0.267448, -0.002831, 0.021863, -0.272371, -0.961944, -1.2e-05, 0.0, 0.0, 0.0, 1.0],
                [0.96208, 0.268131, -0.050067, 0.124994, 0.272682, -0.940897, 0.200884, -0.002831, 0.006756, -0.206919, -0.978335, -1.2e-05, 0.0, 0.0, 0.0, 1.0],
                [0.966526, 0.254032, -0.035965, 0.124994, 0.256297, -0.949566, 0.18065, -0.002831, 0.01174, -0.183821, -0.98289, -1.2e-05, 0.0, 0.0, 0.0, 1.0],
                [0.972426, 0.231834, -0.025317, 0.124994, 0.230725, -0.940556, 0.249235, -0.002831, 0.033969, -0.248203, -0.968113, -1.2e-05, 0.0, 0.0, 0.0, 1.0],
                [0.97704, 0.212703, -0.012209, 0.124994, 0.202007, -0.906647, 0.370381, -0.002831, 0.067712, -0.364343, -0.9288, -1.2e-05, 0.0, 0.0, 0.0, 1.0],
                [0.978849, 0.204535, 0.00458, 0.124994, 0.173734, -0.842846, 0.509338, -0.002831, 0.108037, -0.497768, -0.860555, -1.2e-05, 0.0, 0.0, 0.0, 1.0],
                [0.977446, 0.21001, 0.022239, 0.124994, 0.148073, -0.756613, 0.636875, -0.002831, 0.150576, -0.619217, -0.770646, -1.2e-05, 0.0, 0.0, 0.0, 1.0],
                [0.973298, 0.22608, 0.03973, 0.124994, 0.126629, -0.67318, 0.728556, -0.002831, 0.191458, -0.704069, -0.683834, -1.2e-05, 0.0, 0.0, 0.0, 1.0],
                [0.967455, 0.24592, 0.059619, 0.124994, 0.111233, -0.624922, 0.772722, -0.002831, 0.227285, -0.740941, -0.631939, -1.2e-05, 0.0, 0.0, 0.0, 1.0],
                [0.961481, 0.259883, 0.089524, 0.124994, 0.101313, -0.637828, 0.763486, -0.002831, 0.255518, -0.725006, -0.63959, -1.2e-05, 0.0, 0.0, 0.0, 1.0],
                [0.95694, 0.262172, 0.124621, 0.124994, 0.095573, -0.689923, 0.717546, -0.002831, 0.2741, -0.674736, -0.685273, -1.2e-05, 0.0, 0.0, 0.0, 1.0],
                [0.95502, 0.260587, 0.141533, 0.124994, 0.094352, -0.719493, 0.68806, -0.002831, 0.281131, -0.643755, -0.711718, -1.2e-05, 0.0, 0.0, 0.0, 1.0],
                [0.955984, 0.257529, 0.140617, 0.124994, 0.096534, -0.728602, 0.6781, -0.002831, 0.277084, -0.634677, -0.721393, -1.2e-05, 0.0, 0.0, 0.0, 1.0],
                [0.959294, 0.2476, 0.135823, 0.124994, 0.10006, -0.747743, 0.656405, -0.002831, 0.264087, -0.616094, -0.742082, -1.2e-05, 0.0, 0.0, 0.0, 1.0],
                [0.964389, 0.232444, 0.126187, 0.124994, 0.104729, -0.773708, 0.624826, -0.002831, 0.242869, -0.589358, -0.770501, -1.2e-05, 0.0, 0.0, 0.0, 1.0],
                [0.970548, 0.213849, 0.110925, 0.124994, 0.110357, -0.803957, 0.584355, -0.002831, 0.214143, -0.554903, -0.803881, -1.2e-05, 0.0, 0.0, 0.0, 1.0],
                [0.976959, 0.19375, 0.089509, 0.124994, 0.116775, -0.836298, 0.535693, -0.002831, 0.178647, -0.512897, -0.839656, -1.2e-05, 0.0, 0.0, 0.0, 1.0],
                [0.982776, 0.174164, 0.061788, 0.124994, 0.123821, -0.868789, 0.479449, -0.002831, 0.137183, -0.463539, -0.875392, -1.2e-05, 0.0, 0.0, 0.0, 1.0],
                [0.987184, 0.157096, 0.028074, 0.124994, 0.131341, -0.89972, 0.416236, -0.002831, 0.090648, -0.407214, -0.908824, -1.2e-05, 0.0, 0.0, 0.0, 1.0],
                [0.989457, 0.144419, -0.01081, 0.124994, 0.139179, -0.927608, 0.346655, -0.002831, 0.040036, -0.344504, -0.937931, -1.2e-05, 0.0, 0.0, 0.0, 1.0],
                [0.989016, 0.137767, -0.053544, 0.124994, 0.147183, -0.951191, 0.271236, -0.002831, -0.013563, -0.276137, -0.961022, -1.2e-05, 0.0, 0.0, 0.0, 1.0],
                [0.985471, 0.138465, -0.09835, 0.124994, 0.155196, -0.969383, 0.190283, -0.002831, -0.068991, -0.202781, -0.97679, -1.2e-05, 0.0, 0.0, 0.0, 1.0],
                [0.978657, 0.147547, -0.143034, 0.124994, 0.163061, -0.981164, 0.103562, -0.002831, -0.125059, -0.124675, -0.984285, -1.2e-05, 0.0, 0.0, 0.0, 1.0],
                [0.968645, 0.165966, -0.184881, 0.124994, 0.170621, -0.98529, 0.009441, -0.002831, -0.180594, -0.04069, -0.982716, -1.2e-05, 0.0, 0.0, 0.0, 1.0],
                [0.955737, 0.195625, -0.219769, 0.124994, 0.177714, -0.979117, -0.098707, -0.002831, -0.23449, 0.055282, -0.970545, -1.2e-05, 0.0, 0.0, 0.0, 1.0],
                [0.940586, 0.237239, -0.242932, 0.124994, 0.184345, -0.957597, -0.22141, -0.002831, -0.285158, 0.163471, -0.944438, -1.2e-05, 0.0, 0.0, 0.0, 1.0],
                [0.923811, 0.26744, -0.273949, 0.124994, 0.191606, -0.942465, -0.273941, -0.002831, -0.33145, 0.200579, -0.921906, -1.2e-05, 0.0, 0.0, 0.0, 1.0],
                [0.905939, 0.282367, -0.315502, 0.124994, 0.200526, -0.942417, -0.267651, -0.002831, -0.372911, 0.179209, -0.910397, -1.2e-05, 0.0, 0.0, 0.0, 1.0],
                [0.887658, 0.292667, -0.35554, 0.124994, 0.211549, -0.944937, -0.249675, -0.002831, -0.409035, 0.146411, -0.900697, -1.2e-05, 0.0, 0.0, 0.0, 1.0],
                [0.869773, 0.293524, -0.39666, 0.124994, 0.224566, -0.951231, -0.211488, -0.002831, -0.439392, 0.09487, -0.893272, -1.2e-05, 0.0, 0.0, 0.0, 1.0],
                [0.85311, 0.264122, -0.449936, 0.124994, 0.23897, -0.964424, -0.113035, -0.002831, -0.463784, -0.01109, -0.885879, -1.2e-05, 0.0, 0.0, 0.0, 1.0],
                [0.838397, 0.244431, -0.487179, 0.124994, 0.253782, -0.96607, -0.047967, -0.002831, -0.482374, -0.083421, -0.871984, -1.2e-05, 0.0, 0.0, 0.0, 1.0],
                [0.826152, 0.227381, -0.515529, 0.124994, 0.267847, -0.96345, 0.004289, -0.002831, -0.495712, -0.141626, -0.856862, -1.2e-05, 0.0, 0.0, 0.0, 1.0],
                [0.816658, 0.212684, -0.536502, 0.124994, 0.280101, -0.958854, 0.04625, -0.002831, -0.504591, -0.188045, -0.842631, -1.2e-05, 0.0, 0.0, 0.0, 1.0],
                [0.809983, 0.20092, -0.550962, 0.124994, 0.289639, -0.953957, 0.077923, -0.002831, -0.509938, -0.222696, -0.830885, -1.2e-05, 0.0, 0.0, 0.0, 1.0],
                [0.806047, 0.192934, -0.559522, 0.124994, 0.295747, -0.950182, 0.098411, -0.002831, -0.512662, -0.2448, -0.822953, -1.2e-05, 0.0, 0.0, 0.0, 1.0],
                [0.804745, 0.189939, -0.562413, 0.124994, 0.297882, -0.948716, 0.105831, -0.002831, -0.51347, -0.252699, -0.820056, -1.2e-05, 0.0, 0.0, 0.0, 1.0],
                [0.804745, 0.18994, -0.562413, 0.124994, 0.297882, -0.948716, 0.105829, -0.002831, -0.51347, -0.252697, -0.820056, -1.2e-05, 0.0, 0.0, 0.0, 1.0],
                [0.804745, 0.189939, -0.562413, 0.124994, 0.297882, -0.948716, 0.10583, -0.002831, -0.51347, -0.252698, -0.820056, -1.2e-05, 0.0, 0.0, 0.0, 1.0],
                [0.804745, 0.189939, -0.562413, 0.124994, 0.297882, -0.948717, 0.10583, -0.002831, -0.51347, -0.252698, -0.820056, -1.2e-05, 0.0, 0.0, 0.0, 1.0],
                [0.804745, 0.189939, -0.562413, 0.124994, 0.297882, -0.948716, 0.10583, -0.002831, -0.51347, -0.252698, -0.820056, -1.2e-05, 0.0, 0.0, 0.0, 1.0],
                [0.804745, 0.189939, -0.562413, 0.124994, 0.297882, -0.948716, 0.105829, -0.002831, -0.51347, -0.252698, -0.820056, -1.2e-05, 0.0, 0.0, 0.0, 1.0],
                [0.804745, 0.189939, -0.562413, 0.124994, 0.297882, -0.948716, 0.105829, -0.002831, -0.51347, -0.252698, -0.820056, -1.2e-05, 0.0, 0.0, 0.0, 1.0],
                [0.804745, 0.189939, -0.562413, 0.124994, 0.297882, -0.948716, 0.10583, -0.002831, -0.51347, -0.252698, -0.820056, -1.2e-05, 0.0, 0.0, 0.0, 1.0],
                [0.804745, 0.189939, -0.562413, 0.124994, 0.297882, -0.948716, 0.105829, -0.002831, -0.51347, -0.252698, -0.820056, -1.2e-05, 0.0, 0.0, 0.0, 1.0],
                [0.805076, 0.192536, -0.561055, 0.124994, 0.297872, -0.949171, 0.1017, -0.002831, -0.512957, -0.248998, -0.821508, -1.2e-05, 0.0, 0.0, 0.0, 1.0],
                [0.806049, 0.200433, -0.556877, 0.124994, 0.297846, -0.950452, 0.089025, -0.00283, -0.511442, -0.237621, -0.82581, -1.2e-05, 0.0, 0.0, 0.0, 1.0],
                [0.807693, 0.187054, -0.559144, 0.124994, 0.297437, -0.94809, 0.112482, -0.002831, -0.50908, -0.257161, -0.821404, -1.2e-05, 0.0, 0.0, 0.0, 1.0],
                [0.810034, 0.145439, -0.568061, 0.124994, 0.296353, -0.937465, 0.182572, -0.002831, -0.505984, -0.316235, -0.802481, -1.2e-05, 0.0, 0.0, 0.0, 1.0],
                [0.813032, 0.095976, -0.574254, 0.124994, 0.294697, -0.918476, 0.263727, -0.002831, -0.502128, -0.383648, -0.775036, -1.2e-05, 0.0, 0.0, 0.0, 1.0],
                [0.816649, 0.046735, -0.575239, 0.124994, 0.292578, -0.892668, 0.34284, -0.002831, -0.497476, -0.448281, -0.742672, -1.2e-05, 0.0, 0.0, 0.0, 1.0],
                [0.820837, 0.002027, -0.571159, 0.124994, 0.290143, -0.862837, 0.413915, -0.00283, -0.491979, -0.505473, -0.708839, -1.2e-05, 0.0, 0.0, 0.0, 1.0],
                [0.82554, -0.035657, -0.563215, 0.124994, 0.28756, -0.832142, 0.47418, -0.002831, -0.485584, -0.553412, -0.676714, -1.2e-05, 0.0, 0.0, 0.0, 1.0],
                [0.830727, -0.066934, -0.55264, 0.124994, 0.28485, -0.801821, 0.525301, -0.002831, -0.47828, -0.5938, -0.64703, -1.2e-05, 0.0, 0.0, 0.0, 1.0],
                [0.836374, -0.092685, -0.540266, 0.124994, 0.28199, -0.772433, 0.569059, -0.002831, -0.470063, -0.628294, -0.619908, -1.2e-05, 0.0, 0.0, 0.0, 1.0],
                [0.842452, -0.113486, -0.526683, 0.124994, 0.278965, -0.744435, 0.606624, -0.002831, -0.460925, -0.657977, -0.595493, -1.2e-05, 0.0, 0.0, 0.0, 1.0],
                [0.848931, -0.12975, -0.512329, 0.124994, 0.275765, -0.718218, 0.638838, -0.002831, -0.450854, -0.68361, -0.573939, -1.2e-05, 0.0, 0.0, 0.0, 1.0],
                [0.855777, -0.14179, -0.497534, 0.124994, 0.272386, -0.694125, 0.666331, -0.002831, -0.43983, -0.705751, -0.555395, -1.2e-05, 0.0, 0.0, 0.0, 1.0],
                [0.862952, -0.14986, -0.482551, 0.124994, 0.268831, -0.672454, 0.68959, -0.002831, -0.427835, -0.724806, -0.54001, -1.2e-05, 0.0, 0.0, 0.0, 1.0],
                [0.870412, -0.154167, -0.467563, 0.124994, 0.265111, -0.65348, 0.708999, -0.002831, -0.414847, -0.741076, -0.527926, -1.2e-05, 0.0, 0.0, 0.0, 1.0],
                [0.878107, -0.154894, -0.452699, 0.124994, 0.261247, -0.637446, 0.724854, -0.002831, -0.400847, -0.754764, -0.51928, -1.2e-05, 0.0, 0.0, 0.0, 1.0],
                [0.885978, -0.152203, -0.438038, 0.124994, 0.25727, -0.624571, 0.737375, -0.002831, -0.385817, -0.76599, -0.514201, -1.2e-05, 0.0, 0.0, 0.0, 1.0],
                [0.89396, -0.146243, -0.423613, 0.124994, 0.253224, -0.615053, 0.746718, -0.002831, -0.369747, -0.774804, -0.512801, -1.2e-05, 0.0, 0.0, 0.0, 1.0],
                [0.901977, -0.137163, -0.409419, 0.124994, 0.249165, -0.609056, 0.752972, -0.002831, -0.35264, -0.781174, -0.515179, -1.2e-05, 0.0, 0.0, 0.0, 1.0],
                [0.909944, -0.125112, -0.395411, 0.124994, 0.245161, -0.60673, 0.756158, -0.002831, -0.334513, -0.784999, -0.521418, -1.2e-05, 0.0, 0.0, 0.0, 1.0],
                [0.917834, -0.109869, -0.381456, 0.124994, 0.241053, -0.609218, 0.755478, -0.002831, -0.315394, -0.785353, -0.532678, -1.2e-05, 0.0, 0.0, 0.0, 1.0],
                [0.925602, -0.091519, -0.367267, 0.124994, 0.236751, -0.617078, 0.750442, -0.00283, -0.295312, -0.781559, -0.549503, -1.2e-05, 0.0, 0.0, 0.0, 1.0],
                [0.933117, -0.070664, -0.352559, 0.124994, 0.232454, -0.629505, 0.74141, -0.002831, -0.274328, -0.773774, -0.570977, -1.2e-05, 0.0, 0.0, 0.0, 1.0],
                [0.94025, -0.047904, -0.337097, 0.124994, 0.22836, -0.645632, 0.728704, -0.002831, -0.252549, -0.762142, -0.596118, -1.2e-05, 0.0, 0.0, 0.0, 1.0],
                [0.946874, -0.023848, -0.320717, 0.124994, 0.224656, -0.66454, 0.712682, -0.002831, -0.230126, -0.74687, -0.623879, -1.2e-05, 0.0, 0.0, 0.0, 1.0],
                [0.952879, 0.000898, -0.303344, 0.124994, 0.221509, -0.685268, 0.693786, -0.002831, -0.20725, -0.728288, -0.653178, -1.2e-05, 0.0, 0.0, 0.0, 1.0],
                [0.958174, 0.025737, -0.285025, 0.124994, 0.219065, -0.706828, 0.672608, -0.002831, -0.184153, -0.706913, -0.682904, -1.2e-05, 0.0, 0.0, 0.0, 1.0],
                [0.962687, 0.050102, -0.265937, 0.124994, 0.21744, -0.72822, 0.649935, -0.002831, -0.161098, -0.683508, -0.711943, -1.2e-05, 0.0, 0.0, 0.0, 1.0],
                [0.966376, 0.073477, -0.246408, 0.124994, 0.216727, -0.748441, 0.626789, -0.002831, -0.138367, -0.659117, -0.739201, -1.2e-05, 0.0, 0.0, 0.0, 1.0],
                [0.969226, 0.095419, -0.226926, 0.124994, 0.216987, -0.766507, 0.604469, -0.002831, -0.116262, -0.635105, -0.763625, -1.2e-05, 0.0, 0.0, 0.0, 1.0],
                [0.971246, 0.115588, -0.208131, 0.124994, 0.218261, -0.781476, 0.584514, -0.002831, -0.095087, -0.613133, -0.784235, -1.2e-05, 0.0, 0.0, 0.0, 1.0],
                [0.972472, 0.133761, -0.190801, 0.124994, 0.220568, -0.792469, 0.56863, -0.002831, -0.075143, -0.595061, -0.80016, -1.2e-05, 0.0, 0.0, 0.0, 1.0],
                [0.973077, 0.150547, -0.174514, 0.124994, 0.223533, -0.800928, 0.555468, -0.002831, -0.056149, -0.579522, -0.813019, -1.2e-05, 0.0, 0.0, 0.0, 1.0],
                [0.973225, 0.166613, -0.158345, 0.124994, 0.226746, -0.80883, 0.542567, -0.002831, -0.037675, -0.563943, -0.824953, -1.2e-05, 0.0, 0.0, 0.0, 1.0],
                [0.97295, 0.181922, -0.142381, 0.124994, 0.230165, -0.816178, 0.529977, -0.002831, -0.019793, -0.548411, -0.835973, -1.2e-05, 0.0, 0.0, 0.0, 1.0],
                [0.972294, 0.196442, -0.126708, 0.124994, 0.233748, -0.82298, 0.517749, -0.002831, -0.00257, -0.53302, -0.846098, -1.2e-05, 0.0, 0.0, 0.0, 1.0],
                [0.971301, 0.210148, -0.111411, 0.124994, 0.237447, -0.829249, 0.505928, -0.002831, 0.013933, -0.517861, -0.855351, -1.1e-05, 0.0, 0.0, 0.0, 1.0],
                [0.970018, 0.22302, -0.096574, 0.124994, 0.241216, -0.834997, 0.494564, -0.002831, 0.029659, -0.50303, -0.86376, -1.2e-05, 0.0, 0.0, 0.0, 1.0],
                [0.968496, 0.235041, -0.082279, 0.124994, 0.245008, -0.84024, 0.483701, -0.002831, 0.044556, -0.488621, -0.871357, -1.2e-05, 0.0, 0.0, 0.0, 1.0],
                [0.966789, 0.246197, -0.068605, 0.124994, 0.248775, -0.844994, 0.473387, -0.002831, 0.058575, -0.474731, -0.878179, -1.2e-05, 0.0, 0.0, 0.0, 1.0],
                [0.964946, 0.256482, -0.055631, 0.124994, 0.252469, -0.849278, 0.463666, -0.002831, 0.071675, -0.461457, -0.884263, -1.2e-05, 0.0, 0.0, 0.0, 1.0],
                [0.963024, 0.265889, -0.043434, 0.124994, 0.256044, -0.85311, 0.45458, -0.002831, 0.083814, -0.448892, -0.889647, -1.2e-05, 0.0, 0.0, 0.0, 1.0],
                [0.961075, 0.274416, -0.032084, 0.124994, 0.259455, -0.856512, 0.44617, -0.002831, 0.094956, -0.437127, -0.894373, -1.2e-05, 0.0, 0.0, 0.0, 1.0],
                [0.959152, 0.282062, -0.021657, 0.124994, 0.262658, -0.8595, 0.438484, -0.002831, 0.105066, -0.426261, -0.898478, -1.2e-05, 0.0, 0.0, 0.0, 1.0],
                [0.957302, 0.288826, -0.01222, 0.124994, 0.26561, -0.862094, 0.431557, -0.00283, 0.114111, -0.416376, -0.902002, -1.2e-05, 0.0, 0.0, 0.0, 1.0],
                [0.955579, 0.294709, -0.003841, 0.124994, 0.268272, -0.864311, 0.425434, -0.002831, 0.122059, -0.407565, -0.904981, -1.2e-05, 0.0, 0.0, 0.0, 1.0],
                [0.954024, 0.299711, 0.003413, 0.124994, 0.270607, -0.866166, 0.420152, -0.002831, 0.12888, -0.39991, -0.907448, -1.1e-05, 0.0, 0.0, 0.0, 1.0],
                [0.95268, 0.303826, 0.009481, 0.124994, 0.272579, -0.867671, 0.415746, -0.002831, 0.134541, -0.393488, -0.909431, -1.2e-05, 0.0, 0.0, 0.0, 1.0],
                [0.951585, 0.307052, 0.0143, 0.124994, 0.274157, -0.868836, 0.412262, -0.002831, 0.13901, -0.388381, -0.910953, -1.2e-05, 0.0, 0.0, 0.0, 1.0],
                [0.950772, 0.309377, 0.017812, 0.124994, 0.275312, -0.869669, 0.409726, -0.00283, 0.14225, -0.384652, -0.912035, -1.2e-05, 0.0, 0.0, 0.0, 1.0],
                [0.950269, 0.310788, 0.019958, 0.124994, 0.27602, -0.870171, 0.408182, -0.002831, 0.144225, -0.382374, -0.912682, -1.2e-05, 0.0, 0.0, 0.0, 1.0],
                [0.950097, 0.311265, 0.020685, 0.124994, 0.27626, -0.870339, 0.407661, -0.002831, 0.144894, -0.381603, -0.912899, -1.2e-05, 0.0, 0.0, 0.0, 1.0]
            ]
        },
        {
            "name": "Leg_R",
            "time": [0.0, 0.0167, 0.0333, 0.05, 0.0667, 0.0833, 0.1, 0.1167, 0.1333, 0.15, 0.1667, 0.1833, 0.2, 0.2167, 0.2333, 0.25, 0.2667, 0.2833, 0.3, 0.3167, 0.3333, 0.35, 0.3667, 0.3833, 0.4, 0.4167, 0.4333, 0.45, 0.4667, 0.4833, 0.5, 0.5167, 0.5333, 0.55, 0.5667, 0.5833, 0.6, 0.6167, 0.6333, 0.65, 0.6667, 0.6833, 0.7, 0.7167, 0.7333, 0.75, 0.7667, 0.7833, 0.8, 0.8167, 0.8333, 0.85, 0.8667, 0.8833, 0.9, 0.9167, 0.9333, 0.95, 0.9667, 0.9833, 1.0, 1.0167, 1.0333, 1.05, 1.0667, 1.0833, 1.1, 1.1167, 1.1333, 1.15, 1.1667, 1.1833, 1.2, 1.2167, 1.2333, 1.25, 1.2667, 1.2833, 1.3, 1.3167, 1.3333, 1.35, 1.3667, 1.3833, 1.4, 1.4167, 1.4333, 1.45, 1.4667, 1.4833, 1.5, 1.5167, 1.5333, 1.55, 1.5667, 1.5833, 1.6, 1.6167, 1.6333, 1.65, 1.6667],
            "transform": [
                [1.0, -0.0, 1e-06, 0.0, -0.0, 0.715844, 0.698262, 0.374726, -1e-06, -0.698264, 0.715839, 0.0, 0.0, 0.0, 0.0, 1.0],
                [1.000001, -1e-06, 1e-06, 0.0, -0.0, 0.718285, 0.69575, 0.374726, -1e-06, -0.695753, 0.71828, -0.0, 0.0, 0.0, 0.0, 1.0],
                [1.000001, -1e-06, 1e-06, -0.0, -0.0, 0.725826, 0.687879, 0.374726, -1e-06, -0.687882, 0.725821, -0.0, 0.0, 0.0, 0.0, 1.0],
                [1.0, -1e-06, 1e-06, 0.0, -0.0, 0.739325, 0.673351, 0.374726, -1e-06, -0.673354, 0.73932, -0.0, 0.0, 0.0, 0.0, 1.0],
                [1.0, -0.0, 1e-06, 0.0, -0.0, 0.760169, 0.649726, 0.374726, -1e-06, -0.649729, 0.760164, 0.0, 0.0, 0.0, 0.0, 1.0],
                [1.0, -0.0, 1e-06, -0.0, -0.0, 0.790044, 0.613053, 0.374726, -1e-06, -0.613056, 0.790038, -0.0, 0.0, 0.0, 0.0, 1.0],
                [1.0, -0.0, 1e-06, -0.0, -0.0, 0.788027, 0.615642, 0.374726, -1e-06, -0.615645, 0.788021, -0.0, 0.0, 0.0, 0.0, 1.0],
                [1.0, -1e-06, 1e-06, 0.0, -0.0, 0.723374, 0.690458, 0.374726, -1e-06, -0.690461, 0.723368, 0.0, 0.0, 0.0, 0.0, 1.0],
                [1.0, -1e-06, 1e-06, -0.0, -0.0, 0.626501, 0.779422, 0.374726, -1e-06, -0.779425, 0.626496, -0.0, 0.0, 0.0, 0.0, 1.0],
                [1.0, -1e-06, 1e-06, 0.0, -0.0, 0.536681, 0.843785, 0.374726, -1e-06, -0.843788, 0.536677, -0.0, 0.0, 0.0, 0.0, 1.0],
                [1.0, -1e-06, 1e-06, -0.0, -0.0, 0.492909, 0.87008, 0.374726, -1e-06, -0.870083, 0.492906, -0.0, 0.0, 0.0, 0.0, 1.0],
                [1.0, -1e-06, 1e-06, -0.0, -0.0, 0.52183, 0.85305, 0.374726, -1e-06, -0.853052, 0.521826, 0.0, 0.0, 0.0, 0.0, 1.0],
                [1.0, -1e-06, 1e-06, 0.0, -0.0, 0.600548, 0.799589, 0.374726, -1e-06, -0.799592, 0.600544, 0.0, 0.0, 0.0, 0.0, 1.0],
                [1.0, -1e-06, 1e-06, -0.0, -0.0, 0.704011, 0.71019, 0.374726, -1e-06, -0.710193, 0.704006, -0.0, 0.0, 0.0, 0.0, 1.0],
                [1.0, -0.0, 1e-06, -0.0, -0.0, 0.793194, 0.608972, 0.374726, -1e-06, -0.608974, 0.793188, 0.0, 0.0, 0.0, 0.0, 1.0],
                [1.0, -0.0, 1e-06, -0.0, -0.0, 0.79639, 0.604786, 0.374726, -1e-06, -0.604788, 0.796385, -0.0, 0.0, 0.0, 0.0, 1.0],
                [1.0, -0.0, 1e-06, 0.0, -0.0, 0.74377, 0.668437, 0.374726, -1e-06, -0.66844, 0.743764, -0.0, 0.0, 0.0, 0.0, 1.0],
                [1.0, -1e-06, 1e-06, -0.0, -0.0, 0.705381, 0.70883, 0.374726, -1e-06, -0.708833, 0.705375, -0.0, 0.0, 0.0, 0.0, 1.0],
                [1.0, -1e-06, 1e-06, 0.0, -0.0, 0.680635, 0.732624, 0.374726, -1e-06, -0.732627, 0.680629, 0.0, 0.0, 0.0, 0.0, 1.0],
                [1.0, -1e-06, 1e-06, 0.0, -0.0, 0.668793, 0.743449, 0.374726, -1e-06, -0.743452, 0.668787, -0.0, 0.0, 0.0, 0.0, 1.0],
                [1.0, -1e-06, 1e-06, 0.0, -0.0, 0.668957, 0.743301, 0.374726, -1e-06, -0.743304, 0.668952, -0.0, 0.0, 0.0, 0.0, 1.0],
                [1.0, -1e-06, 1e-06, 0.0, -0.0, 0.680093, 0.733127, 0.374726, -1e-06, -0.73313, 0.680088, 0.0, 0.0, 0.0, 0.0, 1.0],
                [1.0, -1e-06, 1e-06, -0.0, -0.0, 0.701029, 0.713134, 0.374726, -1e-06, -0.713137, 0.701023, -0.0, 0.0, 0.0, 0.0, 1.0],
                [1.0, -1e-06, 1e-06, 0.0, -0.0, 0.730494, 0.68292, 0.374726, -1e-06, -0.682923, 0.730489, 0.0, 0.0, 0.0, 0.0, 1.0],
                [1.0, -0.0, 1e-06, 0.0, -0.0, 0.767133, 0.64149, 0.374726, -1e-06, -0.641493, 0.767128, -0.0, 0.0, 0.0, 0.0, 1.0],
                [1.0, -0.0, 1e-06, 0.0, -0.0, 0.809528, 0.587084, 0.374726, -1e-06, -0.587088, 0.809521, -0.0, 0.0, 0.0, 0.0, 1.0],
                [1.0, -0.0, 1e-06, 0.0, -0.0, 0.856209, 0.516635, 0.374726, -1e-06, -0.516638, 0.8562, -0.0, 0.0, 0.0, 0.0, 1.0],
                [1.0, -0.0, 1e-06, -0.0, -0.0, 0.905665, 0.424005, 0.374726, -1e-06, -0.424008, 0.905655, -0.0, 0.0, 0.0, 0.0, 1.0],
                [1.0, -0.0, 1e-06, 0.0, -0.0, 0.956322, 0.292327, 0.374726, -1e-06, -0.292329, 0.956314, -0.0, 0.0, 0.0, 0.0, 1.0],
                [1.000001, -0.0, 1e-06, 0.0, -0.0, 0.995219, 0.097714, 0.374726, -1e-06, -0.097715, 0.99521, 0.0, 0.0, 0.0, 0.0, 1.0],
                [1.000001, 0.0, 1e-06, 0.0, 0.0, 0.999994, 0.004684, 0.374726, -1e-06, -0.004684, 0.999983, -0.0, 0.0, 0.0, 0.0, 1.0],
                [1.0, -0.0, 1e-06, -0.0, -0.0, 0.999994, 0.004685, 0.374726, -1e-06, -0.004685, 0.999984, 0.0, 0.0, 0.0, 0.0, 1.0],
                [1.0, -0.0, 1e-06, 0.0, 0.0, 0.999994, 0.004683, 0.374726, -1e-06, -0.004683, 0.999985, 0.0, 0.0, 0.0, 0.0, 1.0],
                [1.0, -0.0, 1e-06, 0.0, 0.0, 0.999606, 0.028233, 0.374726, -1e-06, -0.028233, 0.999596, -0.0, 0.0, 0.0, 0.0, 1.0],
                [1.0, -0.0, 1e-06, 0.0, -0.0, 0.986611, 0.16312, 0.374726, -1e-06, -0.163122, 0.986602, 0.0, 0.0, 0.0, 0.0, 1.0],
