{
    "animation": [
        {
            "name": "Root",
            "time": [0.0, 0.0167, 0.0333, 0.05, 0.0667, 0.0833, 0.1, 0.1167, 0.1333, 0.15, 0.1667, 0.1833, 0.2, 0.2167, 0.2333, 0.25, 0.2667, 0.2833, 0.3, 0.3167, 0.3333, 0.35, 0.3667, 0.3833, 0.4, 0.4167, 0.4333, 0.45, 0.4667, 0.4833, 0.5, 0.5167, 0.5333, 0.55, 0.5667, 0.5833, 0.6, 0.6167, 0.6333, 0.65, 0.6667, 0.6833, 0.7, 0.7167, 0.7333, 0.75, 0.7667, 0.7833, 0.8, 0.8167, 0.8333, 0.85, 0.8667, 0.8833, 0.9, 0.9167, 0.9333, 0.95, 0.9667, 0.9833, 1.0, 1.0167, 1.0333, 1.05, 1.0667, 1.0833, 1.1, 1.1167, 1.1333, 1.15, 1.1667, 1.1833, 1.2, 1.2167, 1.2333, 1.25, 1.2667, 1.2833, 1.3, 1.3167, 1.3333, 1.35, 1.3667, 1.3833, 1.4, 1.4167, 1.4333, 1.45, 1.4667, 1.4833, 1.5, 1.5167, 1.5333, 1.55, 1.5667, 1.5833, 1.6, 1.6167, 1.6333, 1.65, 1.6667, 1.6833, 1.7, 1.7167, 1.7333, 1.75, 1.7667, 1.7833, 1.8, 1.8167, 1.8333, 1.85, 1.8667, 1.8833, 1.9, 1.9167, 1.9333, 1.95, 1.9667, 1.9833, 2.0, 2.0167, 2.0333, 2.05, 2.0667, 2.0833, 2.1, 2.1167, 2.1333, 2.15, 2.1667, 2.1833, 2.2, 2.2167, 2.2333, 2.25, 2.2667, 2.2833, 2.3, 2.3167, 2.3333, 2.35, 2.3667, 2.3833, 2.4, 2.4167, 2.4333, 2.45, 2.4667, 2.4833, 2.5, 2.5167, 2.5333, 2.55, 2.5667, 2.5833, 2.6, 2.6167, 2.6333, 2.65, 2.6667, 2.6833, 2.7, 2.7167, 2.7333, 2.75, 2.7667, 2.7833, 2.8, 2.8167, 2.8333, 2.85, 2.8667, 2.8833, 2.9, 2.9167, 2.9333, 2.95, 2.9667, 2.9833, 3.0, 3.0167, 3.0333, 3.05, 3.0667, 3.0833, 3.1, 3.1167, 3.1333, 3.15, 3.1667, 3.1833, 3.2, 3.2167, 3.2333, 3.25, 3.2667, 3.2833, 3.3, 3.3167, 3.3333, 3.35, 3.3667, 3.3833, 3.4, 3.4167, 3.4333, 3.45, 3.4667, 3.4833, 3.5, 3.5167, 3.5333, 3.55, 3.5667],
            "transform": [
                [0.999649, -0.008738, -0.024999, 0.006651, -0.023727, 0.123697, -0.992036, -0.004956, 0.011761, 0.992281, 0.123446, 0.490912, 0.0, 0.0, 0.0, 1.0],
                [0.999622, -0.009031, -0.025959, 0.006651, -0.024645, 0.123593, -0.992027, -0.004947, 0.012167, 0.992292, 0.123324, 0.491081, 0.0, 0.0, 0.0, 1.0],
                [0.999494, -0.010297, -0.030109, 0.006651, -0.028614, 0.123154, -0.991975, -0.004886, 0.013922, 0.992334, 0.122797, 0.491813, 0.0, 0.0, 0.0, 1.0],
                [0.999178, -0.012847, -0.038449, 0.006651, -0.036593, 0.122289, -0.99182, -0.004743, 0.017444, 0.992411, 0.121719, 0.493283, 0.0, 0.0, 0.0, 1.0],
                [0.998424, -0.017425, -0.053347, 0.006651, -0.050862, 0.120804, -0.991372, -0.004401, 0.023719, 0.992523, 0.119728, 0.495908, 0.0, 0.0, 0.0, 1.0],
                [0.997006, -0.023693, -0.073602, 0.006651, -0.07029, 0.118881, -0.990417, -0.004006, 0.032216, 0.992626, 0.11686, 0.499478, 0.0, 0.0, 0.0, 1.0],
                [0.994828, -0.030922, -0.096755, 0.006651, -0.092541, 0.11683, -0.988831, -0.003529, 0.04188, 0.99267, 0.113364, 0.503562, 0.0, 0.0, 0.0, 1.0],
                [0.991828, -0.03874, -0.121556, 0.006651, -0.116423, 0.114814, -0.986541, -0.002903, 0.052175, 0.992631, 0.109365, 0.507943, 0.0, 0.0, 0.0, 1.0],
                [0.987764, -0.047352, -0.148595, 0.006651, -0.142519, 0.112844, -0.983338, -0.001953, 0.063331, 0.992484, 0.104714, 0.512729, 0.0, 0.0, 0.0, 1.0],
                [0.982588, -0.0565, -0.177001, 0.006651, -0.170001, 0.111034, -0.979169, -0.000779, 0.074976, 0.992209, 0.099496, 0.517772, 0.0, 0.0, 0.0, 1.0],
                [0.976322, -0.065953, -0.206023, 0.006651, -0.198148, 0.10945, -0.974042, 0.000551, 0.08679, 0.991802, 0.093791, 0.522948, 0.0, 0.0, 0.0, 1.0],
                [0.968971, -0.075612, -0.235327, 0.006651, -0.226643, 0.108125, -0.967957, 0.002086, 0.098634, 0.991258, 0.087633, 0.528207, 0.0, 0.0, 0.0, 1.0],
                [0.960458, -0.0855, -0.264972, 0.006651, -0.255548, 0.107074, -0.960849, 0.004218, 0.110524, 0.990568, 0.080991, 0.533568, 0.0, 0.0, 0.0, 1.0],
                [0.950704, -0.095636, -0.294986, 0.006651, -0.284893, 0.106314, -0.952645, 0.0067, 0.122468, 0.989723, 0.073827, 0.539047, 0.0, 0.0, 0.0, 1.0],
                [0.939783, -0.105886, -0.324956, 0.006651, -0.314281, 0.105866, -0.943408, 0.009483, 0.134295, 0.988727, 0.066213, 0.544582, 0.0, 0.0, 0.0, 1.0],
                [0.927761, -0.116168, -0.354632, 0.006651, -0.343468, 0.10574, -0.933193, 0.012769, 0.145906, 0.987585, 0.058202, 0.550136, 0.0, 0.0, 0.0, 1.0],
                [0.914747, -0.126388, -0.38375, 0.006651, -0.372193, 0.105943, -0.922089, 0.01768, 0.157197, 0.986307, 0.04987, 0.555667, 0.0, 0.0, 0.0, 1.0],
                [0.900698, -0.136584, -0.412417, 0.006651, -0.40056, 0.106471, -0.910063, 0.024085, 0.168211, 0.98489, 0.041188, 0.561202, 0.0, 0.0, 0.0, 1.0],
                [0.88569, -0.146704, -0.44049, 0.006651, -0.428429, 0.107317, -0.89718, 0.031437, 0.178892, 0.983342, 0.032198, 0.566725, 0.0, 0.0, 0.0, 1.0],
                [0.869863, -0.156667, -0.467754, 0.006651, -0.455583, 0.108471, -0.88356, 0.03984, 0.189163, 0.981677, 0.02298, 0.572198, 0.0, 0.0, 0.0, 1.0],
                [0.853693, -0.166217, -0.493539, 0.006651, -0.481347, 0.10989, -0.869614, 0.050995, 0.198779, 0.979947, 0.013805, 0.57748, 0.0, 0.0, 0.0, 1.0],
                [0.836971, -0.175524, -0.518335, 0.006651, -0.506205, 0.11157, -0.855166, 0.064633, 0.207933, 0.978133, 0.00453, 0.582671, 0.0, 0.0, 0.0, 1.0],
                [0.819783, -0.184572, -0.542116, 0.006651, -0.530125, 0.113489, -0.84029, 0.07983, 0.216618, 0.976245, -0.00481, 0.587768, 0.0, 0.0, 0.0, 1.0],
                [0.802506, -0.193201, -0.564497, 0.006651, -0.552713, 0.115596, -0.825316, 0.096721, 0.224705, 0.974326, -0.014018, 0.592677, 0.0, 0.0, 0.0, 1.0],
                [0.78679, -0.200678, -0.583687, 0.006651, -0.57213, 0.117688, -0.811675, 0.117984, 0.231579, 0.972562, -0.022218, 0.596947, 0.0, 0.0, 0.0, 1.0],
                [0.772682, -0.207112, -0.600056, 0.006651, -0.58873, 0.11971, -0.799416, 0.143529, 0.237401, 0.970966, -0.029435, 0.600621, 0.0, 0.0, 0.0, 1.0],
                [0.759667, -0.212831, -0.614499, 0.006651, -0.603404, 0.121684, -0.788097, 0.171619, 0.242506, 0.969482, -0.035984, 0.603886, 0.0, 0.0, 0.0, 1.0],
                [0.748016, -0.21778, -0.626932, 0.006651, -0.616053, 0.123551, -0.777955, 0.202168, 0.246881, 0.968146, -0.041746, 0.606697, 0.0, 0.0, 0.0, 1.0],
                [0.739505, -0.221268, -0.635746, 0.006651, -0.625006, 0.125057, -0.770538, 0.238491, 0.25, 0.967161, -0.045814, 0.608598, 0.0, 0.0, 0.0, 1.0],
                [0.73612, -0.222547, -0.639218, 0.006651, -0.628469, 0.125909, -0.767577, 0.286301, 0.251305, 0.966757, -0.047179, 0.609088, 0.0, 0.0, 0.0, 1.0],
                [0.757123, -0.223992, -0.613671, 0.006651, -0.60188, 0.126032, -0.788578, 0.350393, 0.253977, 0.966408, -0.039395, 0.605695, 0.0, 0.0, 0.0, 1.0],
                [0.814051, -0.226692, -0.534726, 0.006651, -0.520125, 0.125139, -0.844873, 0.422175, 0.258441, 0.965894, -0.016038, 0.596411, 0.0, 0.0, 0.0, 1.0],
                [0.878497, -0.229446, -0.419044, 0.006651, -0.400757, 0.123561, -0.907814, 0.495403, 0.260072, 0.965447, 0.016596, 0.584354, 0.0, 0.0, 0.0, 1.0],
                [0.930314, -0.231614, -0.284379, 0.006651, -0.26232, 0.121707, -0.957275, 0.566304, 0.256329, 0.965164, 0.052469, 0.571723, 0.0, 0.0, 0.0, 1.0],
                [0.962831, -0.233266, -0.136175, 0.006651, -0.110563, 0.119618, -0.986644, 0.635935, 0.24644, 0.965028, 0.089382, 0.558819, 0.0, 0.0, 0.0, 1.0],
                [0.971973, -0.234313, 0.01913, 0.006651, 0.047833, 0.117438, -0.991928, 0.704597, 0.230175, 0.965042, 0.125354, 0.545812, 0.0, 0.0, 0.0, 1.0],
                [0.956544, -0.234309, 0.17356, 0.006651, 0.204688, 0.115651, -0.971971, 0.771521, 0.207669, 0.965258, 0.158586, 0.532891, 0.0, 0.0, 0.0, 1.0],
                [0.915084, -0.23339, 0.328862, 0.006651, 0.361658, 0.114206, -0.925289, 0.840395, 0.178395, 0.965653, 0.188916, 0.519374, 0.0, 0.0, 0.0, 1.0],
                [0.850162, -0.231923, 0.47269, 0.006651, 0.506238, 0.113276, -0.854922, 0.909115, 0.144731, 0.966116, 0.213712, 0.505783, 0.0, 0.0, 0.0, 1.0],
                [0.770323, -0.230112, 0.594685, 0.006651, 0.628119, 0.11316, -0.769845, 0.97463, 0.109856, 0.966563, 0.231708, 0.49277, 0.0, 0.0, 0.0, 1.0],
                [0.697929, -0.227917, 0.678932, 0.006651, 0.711698, 0.114986, -0.693011, 1.026303, 0.079881, 0.966867, 0.24246, 0.482458, 0.0, 0.0, 0.0, 1.0],
                [0.649953, -0.225248, 0.725827, 0.006651, 0.757753, 0.119107, -0.641579, 1.058451, 0.058063, 0.966994, 0.248096, 0.475942, 0.0, 0.0, 0.0, 1.0],
                [0.632394, -0.222547, 0.741992, 0.006651, 0.773347, 0.125909, -0.621354, 1.06919, 0.044857, 0.966757, 0.25173, 0.473724, 0.0, 0.0, 0.0, 1.0],
                [0.63118, -0.220208, 0.74372, 0.006651, 0.774715, 0.132259, -0.618324, 1.06919, 0.037796, 0.966445, 0.254078, 0.473724, 0.0, 0.0, 0.0, 1.0],
                [0.631109, -0.218106, 0.7444, 0.006651, 0.77501, 0.136981, -0.616925, 1.06919, 0.032586, 0.966264, 0.255484, 0.473724, 0.0, 0.0, 0.0, 1.0],
                [0.631089, -0.21605, 0.745016, 0.006651, 0.775209, 0.141125, -0.615739, 1.06919, 0.02789, 0.966129, 0.256547, 0.473724, 0.0, 0.0, 0.0, 1.0],
                [0.631093, -0.21402, 0.745598, 0.006651, 0.775352, 0.144974, -0.614664, 1.06919, 0.023458, 0.966011, 0.257433, 0.473724, 0.0, 0.0, 0.0, 1.0],
                [0.631114, -0.212008, 0.746155, 0.006651, 0.775452, 0.148647, -0.613659, 1.06919, 0.019186, 0.965897, 0.258215, 0.473724, 0.0, 0.0, 0.0, 1.0],
                [0.631171, -0.210026, 0.746667, 0.006651, 0.775497, 0.152141, -0.612746, 1.06919, 0.015093, 0.965786, 0.258902, 0.473724, 0.0, 0.0, 0.0, 1.0],
                [0.63127, -0.208072, 0.747131, 0.006651, 0.775483, 0.155502, -0.611919, 1.06919, 0.011142, 0.965673, 0.25952, 0.473724, 0.0, 0.0, 0.0, 1.0],
                [0.631382, -0.206131, 0.747574, 0.006651, 0.775438, 0.158797, -0.61113, 1.06919, 0.00726, 0.965553, 0.260104, 0.473724, 0.0, 0.0, 0.0, 1.0],
                [0.631499, -0.204198, 0.748006, 0.006651, 0.775369, 0.162055, -0.610361, 1.06919, 0.003417, 0.965423, 0.260666, 0.473724, 0.0, 0.0, 0.0, 1.0],
                [0.631613, -0.202271, 0.748432, 0.006651, 0.775283, 0.165284, -0.609604, 1.06919, -0.000399, 0.965281, 0.261213, 0.473724, 0.0, 0.0, 0.0, 1.0],
                [0.631725, -0.200352, 0.748854, 0.006651, 0.775181, 0.168473, -0.608861, 1.06919, -0.004175, 0.96513, 0.261738, 0.473724, 0.0, 0.0, 0.0, 1.0],
                [0.631838, -0.198462, 0.749262, 0.006651, 0.775061, 0.17154, -0.608157, 1.06919, -0.007833, 0.96498, 0.262206, 0.473724, 0.0, 0.0, 0.0, 1.0],
                [0.631953, -0.196607, 0.749654, 0.006651, 0.774924, 0.174454, -0.607502, 1.06919, -0.011341, 0.964837, 0.262603, 0.473724, 0.0, 0.0, 0.0, 1.0],
                [0.632066, -0.194771, 0.750038, 0.006651, 0.774774, 0.177289, -0.606872, 1.06919, -0.014772, 0.964693, 0.262962, 0.473724, 0.0, 0.0, 0.0, 1.0],
                [0.632176, -0.192946, 0.750417, 0.006651, 0.774612, 0.180073, -0.606259, 1.06919, -0.018155, 0.964544, 0.263296, 0.473724, 0.0, 0.0, 0.0, 1.0],
                [0.632286, -0.191134, 0.750787, 0.006651, 0.774437, 0.182795, -0.605668, 1.06919, -0.021477, 0.964393, 0.2636, 0.473724, 0.0, 0.0, 0.0, 1.0],
                [0.632399, -0.189333, 0.751149, 0.006651, 0.774248, 0.185466, -0.605097, 1.06919, -0.024748, 0.964238, 0.263879, 0.473724, 0.0, 0.0, 0.0, 1.0],
                [0.632509, -0.187537, 0.751507, 0.006651, 0.774047, 0.188108, -0.604538, 1.06919, -0.027991, 0.964077, 0.264143, 0.473724, 0.0, 0.0, 0.0, 1.0],
                [0.632615, -0.185747, 0.751862, 0.006651, 0.773837, 0.190724, -0.603987, 1.06919, -0.031209, 0.96391, 0.264393, 0.473724, 0.0, 0.0, 0.0, 1.0],
                [0.632719, -0.183971, 0.752211, 0.006651, 0.773618, 0.193286, -0.603452, 1.06919, -0.034375, 0.96374, 0.264619, 0.473724, 0.0, 0.0, 0.0, 1.0],
                [0.632819, -0.182208, 0.752556, 0.006651, 0.773392, 0.19579, -0.602935, 1.06919, -0.037484, 0.96357, 0.264818, 0.473724, 0.0, 0.0, 0.0, 1.0],
                [0.632915, -0.180453, 0.752898, 0.006651, 0.773158, 0.198263, -0.602428, 1.06919, -0.040562, 0.963394, 0.265002, 0.473724, 0.0, 0.0, 0.0, 1.0],
                [0.633007, -0.178704, 0.753238, 0.006651, 0.772917, 0.200711, -0.601926, 1.06919, -0.043617, 0.963213, 0.265174, 0.473724, 0.0, 0.0, 0.0, 1.0],
                [0.633095, -0.176965, 0.753575, 0.006651, 0.772669, 0.203118, -0.601437, 1.06919, -0.046632, 0.96303, 0.265328, 0.473724, 0.0, 0.0, 0.0, 1.0],
                [0.633179, -0.175235, 0.753908, 0.006651, 0.772414, 0.205489, -0.600958, 1.06919, -0.049611, 0.962843, 0.265465, 0.473724, 0.0, 0.0, 0.0, 1.0],
                [0.633258, -0.173511, 0.75424, 0.006651, 0.772153, 0.207837, -0.600486, 1.06919, -0.052569, 0.962651, 0.265592, 0.473724, 0.0, 0.0, 0.0, 1.0],
                [0.633333, -0.171791, 0.754571, 0.006651, 0.771886, 0.210165, -0.600019, 1.06919, -0.055507, 0.962454, 0.265708, 0.473724, 0.0, 0.0, 0.0, 1.0],
                [0.633404, -0.170082, 0.754898, 0.006651, 0.771615, 0.212446, -0.599565, 1.06919, -0.0584, 0.962257, 0.265802, 0.473724, 0.0, 0.0, 0.0, 1.0],
                [0.633471, -0.168382, 0.755223, 0.006651, 0.771338, 0.214689, -0.599121, 1.06919, -0.061257, 0.962058, 0.265879, 0.473724, 0.0, 0.0, 0.0, 1.0],
                [0.633533, -0.166688, 0.755547, 0.006651, 0.771057, 0.216908, -0.598684, 1.06919, -0.064091, 0.961856, 0.265944, 0.473724, 0.0, 0.0, 0.0, 1.0],
                [0.633591, -0.165, 0.755869, 0.006651, 0.770771, 0.219094, -0.598256, 1.06919, -0.066894, 0.961651, 0.265993, 0.473724, 0.0, 0.0, 0.0, 1.0],
                [0.633645, -0.163331, 0.756186, 0.006651, 0.770485, 0.221192, -0.597852, 1.06919, -0.069615, 0.961456, 0.266001, 0.473724, 0.0, 0.0, 0.0, 1.0],
                [0.633697, -0.161663, 0.756501, 0.006651, 0.770196, 0.223241, -0.597462, 1.06919, -0.072295, 0.961264, 0.265979, 0.473724, 0.0, 0.0, 0.0, 1.0],
                [0.633744, -0.160001, 0.756814, 0.006651, 0.769905, 0.225246, -0.597086, 1.06919, -0.074935, 0.961074, 0.265934, 0.473724, 0.0, 0.0, 0.0, 1.0],
                [0.633788, -0.158363, 0.757122, 0.006651, 0.769615, 0.227174, -0.596729, 1.06919, -0.077499, 0.960892, 0.265858, 0.473724, 0.0, 0.0, 0.0, 1.0],
                [0.633829, -0.156808, 0.757411, 0.006651, 0.769345, 0.228853, -0.596436, 1.06919, -0.07981, 0.960748, 0.265693, 0.473724, 0.0, 0.0, 0.0, 1.0],
                [0.633868, -0.155348, 0.757679, 0.006651, 0.769096, 0.230285, -0.596204, 1.06919, -0.081863, 0.960643, 0.265448, 0.473724, 0.0, 0.0, 0.0, 1.0],
                [0.633906, -0.153937, 0.757936, 0.006651, 0.768861, 0.23156, -0.596014, 1.06919, -0.083759, 0.960564, 0.265143, 0.473724, 0.0, 0.0, 0.0, 1.0],
                [0.633943, -0.152567, 0.758182, 0.006651, 0.768639, 0.232675, -0.595866, 1.06919, -0.0855, 0.960513, 0.264772, 0.473724, 0.0, 0.0, 0.0, 1.0],
                [0.633981, -0.151316, 0.758401, 0.006651, 0.76845, 0.233467, -0.5958, 1.06919, -0.086907, 0.960519, 0.264292, 0.473724, 0.0, 0.0, 0.0, 1.0],
                [0.634189, -0.150227, 0.758443, 0.006651, 0.768163, 0.233964, -0.595975, 1.06919, -0.087917, 0.960569, 0.263776, 0.473884, 0.0, 0.0, 0.0, 1.0],
                [0.634859, -0.149172, 0.758091, 0.006651, 0.767524, 0.234362, -0.596642, 1.06919, -0.088666, 0.960636, 0.26328, 0.474435, 0.0, 0.0, 0.0, 1.0],
                [0.636103, -0.148069, 0.757264, 0.006651, 0.766433, 0.23468, -0.597917, 1.06919, -0.089182, 0.960729, 0.262766, 0.47536, 0.0, 0.0, 0.0, 1.0],
                [0.637945, -0.146913, 0.755939, 0.006651, 0.764868, 0.234914, -0.599826, 1.06919, -0.089458, 0.960849, 0.262232, 0.476635, 0.0, 0.0, 0.0, 1.0],
                [0.640304, -0.145711, 0.754174, 0.006651, 0.762886, 0.235073, -0.602283, 1.06919, -0.089527, 0.960994, 0.26168, 0.478193, 0.0, 0.0, 0.0, 1.0],
                [0.642931, -0.144484, 0.752173, 0.006651, 0.760678, 0.235191, -0.605024, 1.06919, -0.089488, 0.96115, 0.261118, 0.479899, 0.0, 0.0, 0.0, 1.0],
                [0.645728, -0.143241, 0.750011, 0.006651, 0.758318, 0.235279, -0.607945, 1.06919, -0.089379, 0.961315, 0.260548, 0.481701, 0.0, 0.0, 0.0, 1.0],
                [0.648752, -0.141979, 0.747638, 0.006651, 0.755757, 0.235328, -0.611107, 1.06919, -0.089176, 0.96149, 0.259971, 0.483629, 0.0, 0.0, 0.0, 1.0],
                [0.651996, -0.140698, 0.745053, 0.006651, 0.752995, 0.235337, -0.614504, 1.06919, -0.088879, 0.961676, 0.259384, 0.485684, 0.0, 0.0, 0.0, 1.0],
                [0.655352, -0.139408, 0.742347, 0.006651, 0.750117, 0.235323, -0.61802, 1.06919, -0.088534, 0.961867, 0.258792, 0.487806, 0.0, 0.0, 0.0, 1.0],
                [0.658778, -0.138111, 0.739552, 0.006651, 0.747154, 0.23529, -0.62161, 1.06919, -0.088158, 0.962062, 0.258194, 0.489968, 0.0, 0.0, 0.0, 1.0],
                [0.662305, -0.136804, 0.736639, 0.006651, 0.744079, 0.235234, -0.625309, 1.06919, -0.087738, 0.962263, 0.25759, 0.492178, 0.0, 0.0, 0.0, 1.0],
                [0.66593, -0.135486, 0.733608, 0.006651, 0.740891, 0.235155, -0.629112, 1.06919, -0.087275, 0.962468, 0.256978, 0.494433, 0.0, 0.0, 0.0, 1.0],
                [0.669602, -0.134164, 0.730502, 0.006651, 0.737632, 0.23506, -0.632966, 1.06919, -0.086791, 0.962677, 0.25636, 0.496711, 0.0, 0.0, 0.0, 1.0],
                [0.673301, -0.132836, 0.727338, 0.006651, 0.734315, 0.234952, -0.63685, 1.06919, -0.086293, 0.962887, 0.255737, 0.499004, 0.0, 0.0, 0.0, 1.0],
                [0.677048, -0.131504, 0.724094, 0.006651, 0.730923, 0.234827, -0.640786, 1.06919, -0.085771, 0.963101, 0.255109, 0.501316, 0.0, 0.0, 0.0, 1.0],
                [0.680842, -0.130165, 0.720771, 0.006651, 0.727455, 0.234686, -0.644773, 1.06919, -0.085228, 0.963317, 0.254473, 0.503649, 0.0, 0.0, 0.0, 1.0],
                [0.684654, -0.128823, 0.717394, 0.006651, 0.723933, 0.234532, -0.64878, 1.06919, -0.084674, 0.963535, 0.253833, 0.505992, 0.0, 0.0, 0.0, 1.0],
                [0.688475, -0.127479, 0.713968, 0.006651, 0.720366, 0.234367, -0.652798, 1.06919, -0.084112, 0.963754, 0.253187, 0.508341, 0.0, 0.0, 0.0, 1.0],
                [0.692323, -0.12613, 0.710479, 0.006651, 0.716736, 0.234187, -0.656845, 1.06919, -0.083537, 0.963975, 0.252535, 0.510695, 0.0, 0.0, 0.0, 1.0],
                [0.696191, -0.124778, 0.706928, 0.006651, 0.713048, 0.233993, -0.660916, 1.06919, -0.082949, 0.964198, 0.251877, 0.513057, 0.0, 0.0, 0.0, 1.0],
                [0.700066, -0.123424, 0.703331, 0.006651, 0.709314, 0.233789, -0.664994, 1.06919, -0.082355, 0.964422, 0.251214, 0.515422, 0.0, 0.0, 0.0, 1.0],
                [0.703945, -0.122068, 0.699687, 0.006651, 0.705534, 0.233573, -0.669078, 1.06919, -0.081755, 0.964647, 0.250545, 0.517787, 0.0, 0.0, 0.0, 1.0],
                [0.707856, -0.120707, 0.695966, 0.006651, 0.701681, 0.23334, -0.673199, 1.06919, -0.081137, 0.964874, 0.249869, 0.520144, 0.0, 0.0, 0.0, 1.0],
                [0.711778, -0.119343, 0.692191, 0.006651, 0.697775, 0.233095, -0.677331, 1.06919, -0.080511, 0.965103, 0.249187, 0.522502, 0.0, 0.0, 0.0, 1.0],
                [0.715706, -0.117978, 0.688365, 0.006651, 0.693818, 0.232837, -0.681471, 1.06919, -0.079878, 0.965333, 0.248498, 0.524856, 0.0, 0.0, 0.0, 1.0],
                [0.719656, -0.116609, 0.684469, 0.006651, 0.689795, 0.232564, -0.685636, 1.06919, -0.079232, 0.965565, 0.247802, 0.5272, 0.0, 0.0, 0.0, 1.0],
                [0.723716, -0.115228, 0.68041, 0.006651, 0.685615, 0.232259, -0.689919, 1.06919, -0.078534, 0.965804, 0.247092, 0.529502, 0.0, 0.0, 0.0, 1.0],
                [0.727881, -0.113837, 0.676188, 0.006651, 0.681277, 0.231923, -0.694315, 1.06919, -0.077785, 0.96605, 0.246367, 0.531764, 0.0, 0.0, 0.0, 1.0],
                [0.7321, -0.112439, 0.671854, 0.006651, 0.67683, 0.231564, -0.698769, 1.06919, -0.077008, 0.9663, 0.24563, 0.534001, 0.0, 0.0, 0.0, 1.0],
                [0.736374, -0.111035, 0.667401, 0.006651, 0.67227, 0.23118, -0.703284, 1.06919, -0.076201, 0.966554, 0.244881, 0.53621, 0.0, 0.0, 0.0, 1.0],
                [0.740815, -0.109615, 0.662705, 0.006651, 0.667473, 0.230751, -0.707978, 1.06919, -0.075315, 0.966819, 0.244109, 0.53835, 0.0, 0.0, 0.0, 1.0],
                [0.745611, -0.108163, 0.657544, 0.006651, 0.66223, 0.230238, -0.713051, 1.06919, -0.074266, 0.967104, 0.243297, 0.54035, 0.0, 0.0, 0.0, 1.0],
                [0.750749, -0.106688, 0.651916, 0.006651, 0.656536, 0.229637, -0.718489, 1.06919, -0.07305, 0.967411, 0.242444, 0.542723, 0.0, 0.0, 0.0, 1.0],
                [0.756031, -0.105203, 0.646026, 0.006651, 0.650591, 0.228986, -0.724084, 1.06919, -0.071755, 0.967728, 0.241564, 0.545258, 0.0, 0.0, 0.0, 1.0],
                [0.761344, -0.103716, 0.639999, 0.006651, 0.644512, 0.228306, -0.729713, 1.06919, -0.070433, 0.968049, 0.240666, 0.547761, 0.0, 0.0, 0.0, 1.0],
                [0.766601, -0.102231, 0.633933, 0.006651, 0.638392, 0.227617, -0.735287, 1.06919, -0.069125, 0.968369, 0.239755, 0.550125, 0.0, 0.0, 0.0, 1.0],
                [0.771811, -0.100749, 0.627819, 0.006651, 0.632224, 0.226915, -0.740812, 1.06919, -0.067826, 0.968689, 0.238831, 0.552415, 0.0, 0.0, 0.0, 1.0],
                [0.776978, -0.09927, 0.621651, 0.006651, 0.626001, 0.226199, -0.746295, 1.06919, -0.066532, 0.969009, 0.237895, 0.554655, 0.0, 0.0, 0.0, 1.0],
                [0.782118, -0.097793, 0.615409, 0.006651, 0.619706, 0.225467, -0.751751, 1.06919, -0.065238, 0.96933, 0.236945, 0.556816, 0.0, 0.0, 0.0, 1.0],
                [0.787234, -0.096318, 0.609085, 0.006651, 0.61333, 0.224716, -0.757185, 1.06919, -0.063941, 0.969652, 0.235979, 0.558902, 0.0, 0.0, 0.0, 1.0],
                [0.792316, -0.094845, 0.602694, 0.006651, 0.606887, 0.223949, -0.762585, 1.06919, -0.062645, 0.969975, 0.234999, 0.560946, 0.0, 0.0, 0.0, 1.0],
                [0.797356, -0.093377, 0.596242, 0.006651, 0.600382, 0.223167, -0.767944, 1.06919, -0.061354, 0.970298, 0.234005, 0.562959, 0.0, 0.0, 0.0, 1.0],
                [0.802357, -0.091911, 0.589725, 0.006651, 0.593814, 0.222369, -0.773263, 1.06919, -0.060065, 0.97062, 0.232998, 0.564915, 0.0, 0.0, 0.0, 1.0],
                [0.807316, -0.09045, 0.583147, 0.006651, 0.587185, 0.221556, -0.778541, 1.06919, -0.058781, 0.970944, 0.231977, 0.56682, 0.0, 0.0, 0.0, 1.0],
                [0.812228, -0.088994, 0.576512, 0.006651, 0.580499, 0.220729, -0.783773, 1.06919, -0.057502, 0.971267, 0.230943, 0.568694, 0.0, 0.0, 0.0, 1.0],
                [0.817092, -0.087542, 0.569821, 0.006651, 0.573758, 0.219887, -0.788956, 1.06919, -0.056229, 0.971589, 0.229896, 0.57054, 0.0, 0.0, 0.0, 1.0],
                [0.821913, -0.086095, 0.56307, 0.006651, 0.566956, 0.21903, -0.794095, 1.06919, -0.054961, 0.971912, 0.228835, 0.572321, 0.0, 0.0, 0.0, 1.0],
                [0.826686, -0.084653, 0.55626, 0.006651, 0.560096, 0.218157, -0.799187, 1.06919, -0.053698, 0.972235, 0.227762, 0.574054, 0.0, 0.0, 0.0, 1.0],
                [0.831409, -0.083217, 0.549395, 0.006651, 0.553181, 0.217271, -0.804229, 1.06919, -0.052442, 0.972558, 0.226675, 0.575753, 0.0, 0.0, 0.0, 1.0],
                [0.836082, -0.081785, 0.542475, 0.006651, 0.546211, 0.216369, -0.80922, 1.06919, -0.051193, 0.97288, 0.225575, 0.577408, 0.0, 0.0, 0.0, 1.0],
                [0.840714, -0.080358, 0.535484, 0.006651, 0.539171, 0.215451, -0.814172, 1.06919, -0.049946, 0.973203, 0.22446, 0.578937, 0.0, 0.0, 0.0, 1.0],
                [0.845299, -0.078935, 0.528431, 0.006651, 0.532069, 0.214518, -0.819075, 1.06919, -0.048704, 0.973525, 0.22333, 0.580366, 0.0, 0.0, 0.0, 1.0],
                [0.849833, -0.077518, 0.52132, 0.006651, 0.524909, 0.213569, -0.823929, 1.06919, -0.047469, 0.973848, 0.222188, 0.581726, 0.0, 0.0, 0.0, 1.0],
                [0.854321, -0.076105, 0.514143, 0.006651, 0.517685, 0.212604, -0.828735, 1.06919, -0.046238, 0.97417, 0.22103, 0.582996, 0.0, 0.0, 0.0, 1.0],
                [0.858787, -0.074692, 0.506858, 0.006651, 0.510352, 0.211616, -0.833522, 1.06919, -0.045002, 0.974495, 0.219852, 0.584003, 0.0, 0.0, 0.0, 1.0],
                [0.863231, -0.073278, 0.499462, 0.006651, 0.502908, 0.210604, -0.838289, 1.06919, -0.043761, 0.974821, 0.218652, 0.584722, 0.0, 0.0, 0.0, 1.0],
                [0.867643, -0.071865, 0.491967, 0.006651, 0.495367, 0.209571, -0.843025, 1.06919, -0.042518, 0.975149, 0.217433, 0.585214, 0.0, 0.0, 0.0, 1.0],
                [0.872045, -0.070447, 0.484329, 0.006651, 0.487683, 0.20851, -0.847755, 1.06919, -0.041265, 0.97548, 0.216186, 0.585396, 0.0, 0.0, 0.0, 1.0],
                [0.876485, -0.069011, 0.476458, 0.006651, 0.479766, 0.207406, -0.85253, 1.06919, -0.039986, 0.975818, 0.214898, 0.585329, 0.0, 0.0, 0.0, 1.0],
                [0.881048, -0.067524, 0.468182, 0.006651, 0.471444, 0.206238, -0.857442, 1.06919, -0.038659, 0.976169, 0.213539, 0.585027, 0.0, 0.0, 0.0, 1.0],
                [0.885625, -0.066019, 0.459685, 0.006651, 0.4629, 0.205028, -0.862373, 1.06919, -0.037315, 0.976527, 0.212139, 0.584448, 0.0, 0.0, 0.0, 1.0],
                [0.890153, -0.064516, 0.451072, 0.006651, 0.45424, 0.203794, -0.867257, 1.06919, -0.035974, 0.976886, 0.210713, 0.583728, 0.0, 0.0, 0.0, 1.0],
                [0.89457, -0.063033, 0.442461, 0.006651, 0.445583, 0.202551, -0.872026, 1.06919, -0.034654, 0.977241, 0.209282, 0.58294, 0.0, 0.0, 0.0, 1.0],
                [0.898846, -0.061583, 0.433917, 0.006651, 0.436993, 0.201309, -0.876648, 1.06919, -0.033365, 0.97759, 0.207857, 0.582148, 0.0, 0.0, 0.0, 1.0],
                [0.903009, -0.060155, 0.425389, 0.006651, 0.42842, 0.200061, -0.881154, 1.06919, -0.032098, 0.977935, 0.206428, 0.58135, 0.0, 0.0, 0.0, 1.0],
                [0.907072, -0.058745, 0.416857, 0.006651, 0.419844, 0.198804, -0.885555, 1.06919, -0.030851, 0.978277, 0.204994, 0.580541, 0.0, 0.0, 0.0, 1.0],
                [0.911028, -0.057357, 0.408337, 0.006651, 0.41128, 0.197541, -0.889846, 1.06919, -0.029624, 0.978615, 0.203556, 0.579686, 0.0, 0.0, 0.0, 1.0],
                [0.91489, -0.055986, 0.399801, 0.006651, 0.402701, 0.196268, -0.894042, 1.06919, -0.028415, 0.978951, 0.20211, 0.578783, 0.0, 0.0, 0.0, 1.0],
                [0.918662, -0.054631, 0.391249, 0.006651, 0.394106, 0.194985, -0.898143, 1.06919, -0.027222, 0.979284, 0.200656, 0.577852, 0.0, 0.0, 0.0, 1.0],
                [0.922335, -0.053294, 0.382698, 0.006651, 0.385512, 0.193694, -0.902144, 1.06919, -0.026048, 0.979613, 0.199196, 0.576896, 0.0, 0.0, 0.0, 1.0],
                [0.925874, -0.05199, 0.374237, 0.006651, 0.37701, 0.192409, -0.906004, 1.06919, -0.024903, 0.979937, 0.197748, 0.575887, 0.0, 0.0, 0.0, 1.0],
                [0.929293, -0.050715, 0.365846, 0.006651, 0.368578, 0.191128, -0.909736, 1.06919, -0.023786, 0.980254, 0.196306, 0.574834, 0.0, 0.0, 0.0, 1.0],
                [0.932604, -0.049464, 0.357495, 0.006651, 0.360186, 0.189845, -0.913359, 1.06919, -0.022691, 0.980567, 0.194866, 0.573751, 0.0, 0.0, 0.0, 1.0],
                [0.935804, -0.048238, 0.349205, 0.006651, 0.351858, 0.188565, -0.916864, 1.06919, -0.02162, 0.980875, 0.193433, 0.572636, 0.0, 0.0, 0.0, 1.0],
                [0.938829, -0.047065, 0.341151, 0.006651, 0.343766, 0.187314, -0.920184, 1.06919, -0.020594, 0.981172, 0.192036, 0.571435, 0.0, 0.0, 0.0, 1.0],
                [0.941561, -0.045994, 0.333687, 0.006651, 0.336268, 0.186149, -0.923186, 1.06919, -0.019655, 0.981444, 0.190737, 0.570206, 0.0, 0.0, 0.0, 1.0],
                [0.94428, -0.044918, 0.326064, 0.006651, 0.328611, 0.184953, -0.926179, 1.06919, -0.018705, 0.98172, 0.189408, 0.568682, 0.0, 0.0, 0.0, 1.0],
                [0.947192, -0.043755, 0.317666, 0.006651, 0.320179, 0.183628, -0.92939, 1.06919, -0.017667, 0.982021, 0.187941, 0.566616, 0.0, 0.0, 0.0, 1.0],
                [0.950161, -0.042553, 0.308841, 0.006651, 0.311317, 0.182228, -0.932671, 1.06919, -0.016592, 0.982335, 0.186394, 0.564271, 0.0, 0.0, 0.0, 1.0],
                [0.953114, -0.041337, 0.299775, 0.006651, 0.302214, 0.180783, -0.93594, 1.06919, -0.015505, 0.982654, 0.184799, 0.561821, 0.0, 0.0, 0.0, 1.0],
                [0.956005, -0.040125, 0.290594, 0.006651, 0.292997, 0.179311, -0.939149, 1.06919, -0.014424, 0.982974, 0.183179, 0.559324, 0.0, 0.0, 0.0, 1.0],
                [0.9588, -0.038929, 0.281401, 0.006651, 0.283767, 0.17783, -0.942259, 1.06919, -0.01336, 0.983291, 0.181551, 0.556819, 0.0, 0.0, 0.0, 1.0],
                [0.961439, -0.037778, 0.27241, 0.006651, 0.27474, 0.176375, -0.945203, 1.06919, -0.012339, 0.983598, 0.179953, 0.554367, 0.0, 0.0, 0.0, 1.0],
                [0.963902, -0.036681, 0.26372, 0.006651, 0.266016, 0.174961, -0.947958, 1.06919, -0.011369, 0.983892, 0.178403, 0.551999, 0.0, 0.0, 0.0, 1.0],
                [0.966238, -0.035619, 0.255179, 0.006651, 0.257442, 0.173566, -0.950578, 1.06919, -0.010432, 0.984178, 0.176876, 0.549674, 0.0, 0.0, 0.0, 1.0],
                [0.968467, -0.034584, 0.24673, 0.006651, 0.24896, 0.172179, -0.953086, 1.06919, -0.00952, 0.984458, 0.17536, 0.547377, 0.0, 0.0, 0.0, 1.0],
                [0.970584, -0.033578, 0.238409, 0.006651, 0.240607, 0.170807, -0.955475, 1.06919, -0.008639, 0.984732, 0.173862, 0.545117, 0.0, 0.0, 0.0, 1.0],
                [0.972597, -0.032601, 0.230198, 0.006651, 0.232365, 0.169448, -0.957754, 1.06919, -0.007783, 0.985, 0.17238, 0.542887, 0.0, 0.0, 0.0, 1.0],
                [0.974522, -0.031644, 0.222047, 0.006651, 0.224182, 0.168093, -0.959941, 1.06919, -0.006948, 0.985263, 0.170905, 0.540675, 0.0, 0.0, 0.0, 1.0],
                [0.976364, -0.030706, 0.213942, 0.006651, 0.216048, 0.166741, -0.96204, 1.06919, -0.006133, 0.985523, 0.169433, 0.538478, 0.0, 0.0, 0.0, 1.0],
                [0.978109, -0.029793, 0.205948, 0.006651, 0.208023, 0.165401, -0.964038, 1.06919, -0.005342, 0.985776, 0.167978, 0.536312, 0.0, 0.0, 0.0, 1.0],
                [0.979762, -0.028907, 0.198066, 0.006651, 0.200112, 0.164075, -0.965937, 1.06919, -0.004576, 0.986024, 0.166539, 0.534178, 0.0, 0.0, 0.0, 1.0],
                [0.981336, -0.028039, 0.190244, 0.006651, 0.192261, 0.162754, -0.967753, 1.06919, -0.003828, 0.986268, 0.165108, 0.532062, 0.0, 0.0, 0.0, 1.0],
                [0.982835, -0.027189, 0.182473, 0.006651, 0.184461, 0.161437, -0.969491, 1.06919, -0.003098, 0.986508, 0.163681, 0.529962, 0.0, 0.0, 0.0, 1.0],
                [0.984249, -0.026363, 0.17481, 0.006651, 0.17677, 0.160133, -0.971138, 1.06919, -0.002391, 0.986743, 0.162271, 0.527892, 0.0, 0.0, 0.0, 1.0],
                [0.985582, -0.02556, 0.167256, 0.006651, 0.169189, 0.158844, -0.972699, 1.06919, -0.001706, 0.986973, 0.160878, 0.525852, 0.0, 0.0, 0.0, 1.0],
                [0.986844, -0.024774, 0.159764, 0.006651, 0.16167, 0.15756, -0.974186, 1.06919, -0.001038, 0.987199, 0.159492, 0.52383, 0.0, 0.0, 0.0, 1.0],
                [0.988039, -0.024005, 0.152323, 0.006651, 0.154203, 0.156281, -0.975601, 1.06919, -0.000386, 0.987421, 0.158113, 0.521823, 0.0, 0.0, 0.0, 1.0],
                [0.989159, -0.023258, 0.144997, 0.006651, 0.146851, 0.155017, -0.976936, 1.06919, 0.000244, 0.987638, 0.156752, 0.519847, 0.0, 0.0, 0.0, 1.0],
                [0.990206, -0.022533, 0.137786, 0.006651, 0.139614, 0.153769, -0.978194, 1.06919, 0.000854, 0.98785, 0.155409, 0.517902, 0.0, 0.0, 0.0, 1.0],
                [0.991189, -0.021824, 0.130641, 0.006651, 0.132443, 0.152528, -0.979384, 1.06919, 0.001448, 0.988058, 0.154075, 0.515976, 0.0, 0.0, 0.0, 1.0],
                [0.992113, -0.021131, 0.123553, 0.006651, 0.12533, 0.151293, -0.980511, 1.06919, 0.002027, 0.988263, 0.152748, 0.514064, 0.0, 0.0, 0.0, 1.0],
                [0.99297, -0.020459, 0.116587, 0.006651, 0.11834, 0.150076, -0.981567, 1.06919, 0.002585, 0.988463, 0.151442, 0.512186, 0.0, 0.0, 0.0, 1.0],
                [0.993763, -0.019809, 0.109744, 0.006651, 0.111473, 0.148876, -0.982553, 1.06919, 0.003125, 0.988657, 0.150155, 0.510341, 0.0, 0.0, 0.0, 1.0],
                [0.9945, -0.019173, 0.102971, 0.006651, 0.104677, 0.147685, -0.983479, 1.06919, 0.003649, 0.988849, 0.14888, 0.508515, 0.0, 0.0, 0.0, 1.0],
                [0.995183, -0.018553, 0.096261, 0.006651, 0.097945, 0.146502, -0.98435, 1.06919, 0.00416, 0.989036, 0.147613, 0.506705, 0.0, 0.0, 0.0, 1.0],
                [0.995809, -0.017952, 0.089683, 0.006651, 0.091344, 0.145338, -0.985156, 1.06919, 0.004651, 0.989219, 0.146369, 0.50493, 0.0, 0.0, 0.0, 1.0],
                [0.996378, -0.017372, 0.083237, 0.006651, 0.084876, 0.144195, -0.985903, 1.06919, 0.005125, 0.989397, 0.145147, 0.503189, 0.0, 0.0, 0.0, 1.0],
                [0.9969, -0.016806, 0.076868, 0.006651, 0.078486, 0.143062, -0.986597, 1.06919, 0.005584, 0.989571, 0.143937, 0.501469, 0.0, 0.0, 0.0, 1.0],
                [0.997375, -0.016254, 0.070567, 0.006651, 0.072164, 0.141938, -0.987242, 1.06919, 0.006031, 0.989742, 0.142738, 0.499767, 0.0, 0.0, 0.0, 1.0],
                [0.9978, -0.015722, 0.06441, 0.006651, 0.065986, 0.140837, -0.987831, 1.06919, 0.00646, 0.989908, 0.141565, 0.498102, 0.0, 0.0, 0.0, 1.0],
                [0.998177, -0.01521, 0.058408, 0.006651, 0.059964, 0.139761, -0.988368, 1.06919, 0.00687, 0.990068, 0.140418, 0.496479, 0.0, 0.0, 0.0, 1.0],
                [0.998513, -0.014712, 0.052492, 0.006651, 0.054029, 0.138697, -0.98886, 1.06919, 0.007268, 0.990225, 0.139286, 0.494878, 0.0, 0.0, 0.0, 1.0],
                [0.99881, -0.014227, 0.046644, 0.006651, 0.048161, 0.137643, -0.98931, 1.06919, 0.007654, 0.99038, 0.138165, 0.493294, 0.0, 0.0, 0.0, 1.0],
                [0.999068, -0.013757, 0.040913, 0.006651, 0.042411, 0.136608, -0.989717, 1.06919, 0.008026, 0.99053, 0.137064, 0.49174, 0.0, 0.0, 0.0, 1.0],
                [0.999289, -0.013302, 0.035286, 0.006651, 0.036766, 0.135589, -0.990083, 1.06919, 0.008385, 0.990676, 0.135982, 0.490214, 0.0, 0.0, 0.0, 1.0],
                [0.999475, -0.012857, 0.029724, 0.006651, 0.031186, 0.134579, -0.990412, 1.06919, 0.008734, 0.990819, 0.13491, 0.488704, 0.0, 0.0, 0.0, 1.0],
                [0.999629, -0.012424, 0.024227, 0.006651, 0.025671, 0.133579, -0.990706, 1.06919, 0.009072, 0.99096, 0.133849, 0.487211, 0.0, 0.0, 0.0, 1.0],
                [0.99975, -0.012008, 0.018878, 0.006651, 0.020305, 0.132604, -0.990961, 1.06919, 0.009396, 0.991096, 0.132814, 0.485756, 0.0, 0.0, 0.0, 1.0],
                [0.99984, -0.011606, 0.013643, 0.006651, 0.015053, 0.131647, -0.991182, 1.06919, 0.009707, 0.991229, 0.131801, 0.484331, 0.0, 0.0, 0.0, 1.0],
                [0.999901, -0.011215, 0.008489, 0.006651, 0.009883, 0.130703, -0.991372, 1.06919, 0.010009, 0.991358, 0.130801, 0.482927, 0.0, 0.0, 0.0, 1.0],
                [0.999935, -0.010837, 0.003439, 0.006651, 0.004817, 0.129776, -0.991532, 1.06919, 0.010299, 0.991484, 0.12982, 0.48155, 0.0, 0.0, 0.0, 1.0],
                [0.999944, -0.010485, -0.001319, 0.006651, 4.3e-05, 0.128901, -0.991657, 1.06919, 0.010567, 0.991602, 0.128894, 0.480251, 0.0, 0.0, 0.0, 1.0],
                [0.999931, -0.01015, -0.005901, 0.006651, -0.004553, 0.128057, -0.991756, 1.06919, 0.010822, 0.991715, 0.128002, 0.479, 0.0, 0.0, 0.0, 1.0],
                [0.999898, -0.009829, -0.010334, 0.006651, -0.009, 0.127238, -0.991831, 1.06919, 0.011064, 0.991823, 0.127137, 0.477787, 0.0, 0.0, 0.0, 1.0],
                [0.999849, -0.00953, -0.014524, 0.006651, -0.013203, 0.126463, -0.991883, 1.06919, 0.011289, 0.991925, 0.126319, 0.476641, 0.0, 0.0, 0.0, 1.0],
                [0.999796, -0.009288, -0.017944, 0.006651, -0.016633, 0.12583, -0.991912, 1.06919, 0.011471, 0.992008, 0.12565, 0.475704, 0.0, 0.0, 0.0, 1.0],
                [0.999746, -0.0091, -0.020621, 0.006651, -0.019319, 0.125333, -0.991926, 1.06919, 0.011611, 0.992073, 0.125126, 0.47497, 0.0, 0.0, 0.0, 1.0],
                [0.9997, -0.008947, -0.022808, 0.006651, -0.021513, 0.124927, -0.991933, 1.06919, 0.011725, 0.992125, 0.124698, 0.47437, 0.0, 0.0, 0.0, 1.0],
                [0.999661, -0.008832, -0.024478, 0.006651, -0.023188, 0.124617, -0.991934, 1.06919, 0.011811, 0.992166, 0.12437, 0.473912, 0.0, 0.0, 0.0, 1.0],
                [0.999645, -0.008784, -0.025163, 0.006651, -0.023875, 0.12449, -0.991934, 1.06919, 0.011846, 0.992182, 0.124236, 0.473724, 0.0, 0.0, 0.0, 1.0]
            ]
        },
        {
            "name": "Thigh_R",
            "time": [0.0, 0.0167, 0.0333, 0.05, 0.0667, 0.0833, 0.1, 0.1167, 0.1333, 0.15, 0.1667, 0.1833, 0.2, 0.2167, 0.2333, 0.25, 0.2667, 0.2833, 0.3, 0.3167, 0.3333, 0.35, 0.3667, 0.3833, 0.4, 0.4167, 0.4333, 0.45, 0.4667, 0.4833, 0.5, 0.5167, 0.5333, 0.55, 0.5667, 0.5833, 0.6, 0.6167, 0.6333, 0.65, 0.6667, 0.6833, 0.7, 0.7167, 0.7333, 0.75, 0.7667, 0.7833, 0.8, 0.8167, 0.8333, 0.85, 0.8667, 0.8833, 0.9, 0.9167, 0.9333, 0.95, 0.9667, 0.9833, 1.0, 1.0167, 1.0333, 1.05, 1.0667, 1.0833, 1.1, 1.1167, 1.1333, 1.15, 1.1667, 1.1833, 1.2, 1.2167, 1.2333, 1.25, 1.2667, 1.2833, 1.3, 1.3167, 1.3333, 1.35, 1.3667, 1.3833, 1.4, 1.4167, 1.4333, 1.45, 1.4667, 1.4833, 1.5, 1.5167, 1.5333, 1.55, 1.5667, 1.5833, 1.6, 1.6167, 1.6333, 1.65, 1.6667, 1.6833, 1.7, 1.7167, 1.7333, 1.75, 1.7667, 1.7833, 1.8, 1.8167, 1.8333, 1.85, 1.8667, 1.8833, 1.9, 1.9167, 1.9333, 1.95, 1.9667, 1.9833, 2.0, 2.0167, 2.0333, 2.05, 2.0667, 2.0833, 2.1, 2.1167, 2.1333, 2.15, 2.1667, 2.1833, 2.2, 2.2167, 2.2333, 2.25, 2.2667, 2.2833, 2.3, 2.3167, 2.3333, 2.35, 2.3667, 2.3833, 2.4, 2.4167, 2.4333, 2.45, 2.4667, 2.4833, 2.5, 2.5167, 2.5333, 2.55, 2.5667, 2.5833, 2.6, 2.6167, 2.6333, 2.65, 2.6667, 2.6833, 2.7, 2.7167, 2.7333, 2.75, 2.7667, 2.7833, 2.8, 2.8167, 2.8333, 2.85, 2.8667, 2.8833, 2.9, 2.9167, 2.9333, 2.95, 2.9667, 2.9833, 3.0, 3.0167, 3.0333, 3.05, 3.0667, 3.0833, 3.1, 3.1167, 3.1333, 3.15, 3.1667, 3.1833, 3.2, 3.2167, 3.2333, 3.25, 3.2667, 3.2833, 3.3, 3.3167, 3.3333, 3.35, 3.3667, 3.3833, 3.4, 3.4167, 3.4333, 3.45, 3.4667, 3.4833, 3.5, 3.5167, 3.5333, 3.55, 3.5667],
            "transform": [
                [0.677322, 0.486391, 0.551959, 0.124994, 0.398509, -0.873224, 0.280475, 0.125366, 0.618406, 0.029988, -0.785287, -1.2e-05, 0.0, 0.0, 0.0, 1.0],
                [0.677704, 0.486336, 0.551538, 0.124994, 0.398339, -0.87327, 0.280576, 0.125366, 0.618097, 0.029551, -0.785547, -1.2e-05, 0.0, 0.0, 0.0, 1.0],
                [0.679384, 0.486101, 0.549675, 0.124994, 0.39758, -0.873464, 0.281046, 0.125366, 0.616739, 0.027601, -0.786684, -1.2e-05, 0.0, 0.0, 0.0, 1.0],
                [0.682809, 0.485593, 0.545866, 0.124994, 0.396025, -0.873863, 0.282, 0.125365, 0.61395, 0.023624, -0.788991, -1.2e-05, 0.0, 0.0, 0.0, 1.0],
                [0.689121, 0.484582, 0.538786, 0.124994, 0.393109, -0.874593, 0.283812, 0.125365, 0.60875, 0.016221, -0.793197, -1.2e-05, 0.0, 0.0, 0.0, 1.0],
                [0.697633, 0.482754, 0.529391, 0.124994, 0.389287, -0.875727, 0.285579, 0.125365, 0.601467, 0.006856, -0.798868, -1.2e-05, 0.0, 0.0, 0.0, 1.0],
                [0.707621, 0.480269, 0.51828, 0.124994, 0.38475, -0.87711, 0.287476, 0.125366, 0.592655, -0.004016, -0.805447, -1.2e-05, 0.0, 0.0, 0.0, 1.0],
                [0.718798, 0.477233, 0.505547, 0.124994, 0.379463, -0.878619, 0.289885, 0.125366, 0.582527, -0.016532, -0.812643, -1.2e-05, 0.0, 0.0, 0.0, 1.0],
                [0.731794, 0.473546, 0.490132, 0.124994, 0.372836, -0.880177, 0.293731, 0.125365, 0.570499, -0.032211, -0.820666, -1.2e-05, 0.0, 0.0, 0.0, 1.0],
                [0.745863, 0.468953, 0.473043, 0.124994, 0.365327, -0.881827, 0.298184, 0.125366, 0.556977, -0.049589, -0.829046, -1.2e-05, 0.0, 0.0, 0.0, 1.0],
                [0.760548, 0.463417, 0.454764, 0.124994, 0.357118, -0.883517, 0.303087, 0.125365, 0.542249, -0.068108, -0.837454, -1.2e-05, 0.0, 0.0, 0.0, 1.0],
                [0.775813, 0.456915, 0.435135, 0.124994, 0.348011, -0.885119, 0.308949, 0.125366, 0.52631, -0.088255, -0.845701, -1.2e-05, 0.0, 0.0, 0.0, 1.0],
                [0.792587, 0.449276, 0.412256, 0.124994, 0.336589, -0.886121, 0.318582, 0.125366, 0.508441, -0.113743, -0.853552, -1.2e-05, 0.0, 0.0, 0.0, 1.0],
